# name: debug
# type: sparse matrix
# nnz: 43128
# rows: 2400
# columns: 2400

1 1 5.02639852e+222
2 1 -1.41867574e+178
3 1 -3.12334511e+179
4 1 -3.87963639e-09
5 1 0.346846575
6 1 -0.173648043
7 1 -9.99992978
8 1 -0.0347202338
9 1 0.0134649608
10 1 0
11 1 0
12 1 0
1 2 -1.41867574e+178
2 2 5.02639852e+222
3 2 1.37411785e+180
4 2 -0.346846524
5 2 -2.7354441e-08
6 2 38.4194656
7 2 0.0347507617
8 2 -9.99991093
9 2 0.0231469782
10 2 0
11 2 0
12 2 0
1 3 -3.12334511e+179
2 3 1.37411785e+180
3 3 5.02639852e+222
4 3 0.173648466
5 3 -38.4194698
6 3 3.12340774e-08
7 3 -0.0133843814
8 3 -0.0231935102
9 3 -9.99996242
10 3 0
11 3 0
12 3 0
1 4 -3.87963639e-09
2 4 -0.346846524
3 4 0.173648466
4 4 5.02639852e+222
5 4 -0.667171501
6 4 -1.3325616
7 4 -0.00143773627
8 4 0.346440797
9 4 -0.174450697
10 4 -999.992997
11 4 -3.47197161
12 4 1.34648662
1 5 0.346846575
2 5 -2.7354441e-08
3 5 -38.4194698
4 5 -0.667171501
5 5 5.02639852e+222
6 5 -0.00601767301
7 5 -0.295422107
8 5 0.0879039963
9 5 38.4198009
10 5 3.47512857
11 5 -999.99125
12 5 2.31468777
1 6 -0.173648043
2 6 38.4194656
3 6 3.12340774e-08
4 6 -1.3325616
5 6 -0.00601767301
6 6 5.02639852e+222
7 6 0.307157899
8 6 -38.4185331
9 6 0.0886956653
10 6 -1.33844771
11 6 -2.3193618
12 6 -999.996419
1 7 -9.99992978
2 7 0.0347507617
3 7 -0.0133843814
4 7 -0.00143773627
5 7 -0.295422107
6 7 0.307157899
7 7 5.02639852e+222
8 7 -1.31959204e+179
9 7 -2.76590146e+180
10 7 2.05083611e-08
11 7 0.276967828
12 7 -0.25218446
13 7 -9.99971291
14 7 -0.0292406214
15 7 0.070142685
16 7 0
17 7 0
18 7 0
1 8 -0.0347202338
2 8 -9.99991093
3 8 -0.0231935102
4 8 0.346440797
5 8 0.0879039963
6 8 -38.4185331
7 8 -1.31959204e+179
8 8 5.02639852e+222
9 8 1.44305022e+181
10 8 -0.276968035
11 8 1.77264211e-07
12 8 38.4019483
13 8 0.0291451594
14 8 -9.99995139
15 8 -0.0138935988
16 8 0
17 8 0
18 8 0
1 9 0.0134649608
2 9 0.0231469782
3 9 -9.99996242
4 9 -0.174450697
5 9 38.4198009
6 9 0.0886956653
7 9 -2.76590146e+180
8 9 1.44305022e+181
9 9 5.02639852e+222
10 9 0.252181789
11 9 -38.4019459
12 9 -1.97772572e-07
13 9 -0.0701829495
14 9 0.0136890036
15 9 -9.99974584
16 9 0
17 9 0
18 9 0
1 10 0
2 10 0
3 10 0
4 10 -999.992997
5 10 3.47512857
6 10 -1.33844771
7 10 2.05083611e-08
8 10 -0.276968035
9 10 0.252181789
10 10 5.02639852e+222
11 10 -0.968420435
12 10 -1.06360425
13 10 -0.00257711358
14 10 0.277311851
15 10 -0.251790542
16 10 -999.971359
17 10 -2.92415705
18 10 7.01426709
1 11 0
2 11 0
3 11 0
4 11 -3.47197161
5 11 -999.99125
6 11 -2.3193618
7 11 0.276967828
8 11 1.77264211e-07
9 11 -38.4019459
10 11 -0.968420435
11 11 5.02639852e+222
12 11 -0.00696896182
13 11 -0.00744388079
14 11 -0.0533783035
15 11 38.4029084
16 11 2.91442039
17 11 -999.994897
18 11 -1.38938039
1 12 0
2 12 0
3 12 0
4 12 1.34648662
5 12 2.31468777
6 12 -999.996419
7 12 -0.25218446
8 12 38.4019483
9 12 -1.97772572e-07
10 12 -1.06360425
11 12 -0.00696896182
12 12 5.02639852e+222
13 12 0.364097591
14 12 -38.4010176
15 12 -0.0551229876
16 12 -7.01829756
17 12 1.36887902
18 12 -999.974714
7 13 -9.99971291
8 13 0.0291451594
9 13 -0.0701829495
10 13 -0.00257711358
11 13 -0.00744388079
12 13 0.364097591
13 13 5.02639852e+222
14 13 -3.17283647e+179
15 13 -6.85150927e+180
16 13 6.43398388e-09
17 13 0.254990015
18 13 -0.0692808072
19 13 -9.9998892
20 13 -0.00401837318
21 13 -0.0462036285
22 13 0
23 13 0
24 13 0
7 14 -0.0292406214
8 14 -9.99995139
9 14 0.0136890036
10 14 0.277311851
11 14 -0.0533783035
12 14 -38.4010176
13 14 -3.17283647e+179
14 14 5.02639852e+222
15 14 1.40097679e+182
16 14 -0.254990165
17 14 -2.10187057e-07
18 14 39.0111779
19 14 0.00400228226
20 14 -9.99999901
21 14 0.00377565511
22 14 0
23 14 0
24 14 0
7 15 0.070142685
8 15 -0.0138935988
9 15 -9.99974584
10 15 -0.251790542
11 15 38.4029084
12 15 -0.0551229876
13 15 -6.85150927e+180
14 15 1.40097679e+182
15 15 5.02639852e+222
16 15 0.0692798685
17 15 -39.0111813
18 15 2.03753073e-07
19 15 0.0462051509
20 15 -0.00375708712
21 15 -9.99989164
22 15 0
23 15 0
24 15 0
7 16 0
8 16 0
9 16 0
10 16 -999.971359
11 16 2.91442039
12 16 -7.01829756
13 16 6.43398388e-09
14 16 -0.254990165
15 16 0.0692798685
16 16 5.02639852e+222
17 16 -0.270185392
18 16 -0.994742947
19 16 0.000218054432
20 16 0.254964156
21 16 -0.0693754006
22 16 -999.989357
23 16 -0.401956289
24 16 -4.62036646
7 17 0
8 17 0
9 17 0
10 17 -2.92415705
11 17 -999.994897
12 17 1.36887902
13 17 0.254990015
14 17 -2.10187057e-07
15 17 -39.0111813
16 17 -0.270185392
17 17 5.02639852e+222
18 17 -0.0017539936
19 17 -0.435239152
20 17 0.0145543774
21 17 39.0095838
22 17 0.40010936
23 17 -999.999649
24 17 0.377558769
7 18 0
8 18 0
9 18 0
10 18 7.01426709
11 18 -1.38938039
12 18 -999.974714
13 18 -0.0692808072
14 18 39.0111779
15 18 2.03753073e-07
16 18 -0.994742947
17 18 -0.0017539936
18 18 5.02639852e+222
19 18 0.0848924855
20 18 -39.011153
21 18 0.015049376
22 18 4.62051382
23 18 -0.37571484
24 18 -999.989243
13 19 -9.9998892
14 19 0.00400228226
15 19 0.0462051509
16 19 0.000218054432
17 19 -0.435239152
18 19 0.0848924855
19 19 5.02639852e+222
20 19 -9.75031082e+180
21 19 -2.088525e+182
22 19 -1.53157347e-09
23 19 0.201726842
24 19 0.0952648877
25 19 -9.99992439
26 19 0.0172646482
27 19 -0.0342784874
28 19 0
29 19 0
30 19 0
13 20 -0.00401837318
14 20 -9.99999901
15 20 -0.00375708712
16 20 0.254964156
17 20 0.0145543774
18 20 -39.011153
19 20 -9.75031082e+180
20 20 5.02639852e+222
21 20 1.41226009e+183
22 20 -0.201726903
23 20 1.08388542e-07
24 20 39.3356335
25 20 -0.0177804727
26 20 -9.99883925
27 20 0.151241709
28 20 0
29 20 0
30 20 0
13 21 -0.0462036285
14 21 0.00377565511
15 21 -9.99989164
16 21 -0.0693754006
17 21 39.0095838
18 21 0.015049376
19 21 -2.088525e+182
20 21 1.41226009e+183
21 21 5.02639852e+222
22 21 -0.0952646406
23 21 -39.3356431
24 21 -1.06856969e-07
25 21 0.0340134165
26 21 -0.151301341
27 21 -9.99879632
28 21 0
29 21 0
30 21 0
13 22 0
14 22 0
15 22 0
16 22 -999.989357
17 22 0.40010936
18 22 4.62051382
19 22 -1.53157347e-09
20 22 -0.201726903
21 22 -0.0952646406
22 22 5.02639852e+222
23 22 0.374823259
24 22 -0.793501835
25 22 3.46524677e-05
26 22 0.203144916
27 22 0.0922022269
28 22 -999.992624
29 22 1.72638788
30 22 -3.42785076
13 23 0
14 23 0
15 23 0
16 23 -0.401956289
17 23 -999.999649
18 23 -0.37571484
19 23 0.201726842
20 23 1.08388542e-07
21 23 -39.3356431
22 23 0.374823259
23 23 5.02639852e+222
24 23 0.00193563132
25 23 -0.335519408
26 23 0.595501865
27 23 39.3302192
28 23 -1.77812437
29 23 -999.883886
30 23 15.1241511
13 24 0
14 24 0
15 24 0
16 24 -4.62036646
17 24 0.377558769
18 24 -999.989243
19 24 0.0952648877
20 24 39.3356335
21 24 -1.06856969e-07
22 24 -0.793501835
23 24 0.00193563132
24 24 5.02639852e+222
25 24 -0.165204563
26 24 -39.3309151
27 24 0.594592471
28 24 3.40133933
29 24 -15.1301543
30 24 -999.879712
19 25 -9.99992439
20 25 -0.0177804727
21 25 0.0340134165
22 25 3.46524677e-05
23 25 -0.335519408
24 25 -0.165204563
25 25 5.02639852e+222
26 25 -1.91172888e+182
27 25 -3.08969429e+183
28 25 -2.94521373e-08
29 25 0.578755162
30 25 -0.0762668552
31 25 -9.99975112
32 25 0.0318154683
33 25 0.0629030949
34 25 0
35 25 0
36 25 0
19 26 0.0172646482
20 26 -9.99883925
21 26 -0.151301341
22 26 0.203144916
23 26 0.595501865
24 26 -39.3309151
25 26 -1.91172888e+182
26 26 5.02639852e+222
27 26 1.86856428e+184
28 26 -0.578755216
29 26 -4.77598663e-07
30 26 39.580346
31 26 -0.0317216647
32 26 -9.99993783
33 26 0.0151238453
34 26 0
35 26 0
36 26 0
19 27 -0.0342784874
20 27 0.151241709
21 27 -9.99879632
22 27 0.0922022269
23 27 39.3302192
24 27 0.594592471
25 27 -3.08969429e+183
26 27 1.86856428e+184
27 27 5.02639852e+222
28 27 0.076268874
29 27 -39.5803484
30 27 5.07050801e-07
31 27 -0.0629507922
32 27 -0.0149240307
33 27 -9.99978932
34 27 0
35 27 0
36 27 0
19 28 0
20 28 0
21 28 0
22 28 -999.992624
23 28 -1.77812437
24 28 3.40133933
25 28 -2.94521373e-08
26 28 -0.578755216
27 28 0.076268874
28 28 5.02639852e+222
29 28 -0.301846263
30 28 -2.29073004
31 28 0.0013557895
32 28 0.578637892
33 28 -0.0771425832
34 28 -999.975114
35 28 3.1815951
36 28 6.29030596
19 29 0
20 29 0
21 29 0
22 29 1.72638788
23 29 -999.883886
24 29 -15.1301543
25 29 0.578755162
26 29 -4.77598663e-07
27 29 -39.5803484
28 29 -0.301846263
29 29 5.02639852e+222
30 29 -0.00440391095
31 29 -0.329579454
32 29 0.0609111767
33 29 39.5831593
34 29 -3.17211813
35 29 -999.993769
36 29 1.51238796
19 30 0
20 30 0
21 30 0
22 30 -3.42785076
23 30 15.1241511
24 30 -999.879712
25 30 -0.0762668552
26 30 39.580346
27 30 5.07050801e-07
28 30 -2.29073004
29 30 -0.00440391095
30 30 5.02639852e+222
31 30 -0.0492884763
32 30 -39.5803492
33 30 0.059380958
34 30 -6.29508402
35 30 -1.49239962
36 30 -999.979145
25 31 -9.99975112
26 31 -0.0317216647
27 31 -0.0629507922
28 31 0.0013557895
29 31 -0.329579454
30 31 -0.0492884763
31 31 5.02639852e+222
32 31 -7.15958376e+182
33 31 -1.12923447e+184
34 31 -5.5167844e-10
35 31 0.304259914
36 31 -0.375758994
37 31 -9.99995604
38 31 0.0300646765
39 31 -0.00051559573
40 31 0
41 31 0
42 31 0
25 32 0.0318154683
26 32 -9.99993783
27 32 -0.0149240307
28 32 0.578637892
29 32 0.0609111767
30 32 -39.5803492
31 32 -7.15958376e+182
32 32 5.02639852e+222
33 32 1.91450861e+185
34 32 -0.304259923
35 32 -2.08592209e-08
36 32 39.9762957
37 32 -0.0300622303
38 32 -9.99985895
39 32 -0.0438978722
40 32 0
41 32 0
42 32 0
25 33 0.0629030949
26 33 0.0151238453
27 33 -9.99978932
28 33 -0.0771425832
29 33 39.5831593
30 33 0.059380958
31 33 -1.12923447e+184
32 33 1.91450861e+185
33 33 5.02639852e+222
34 33 0.375759133
35 33 -39.9763014
36 33 2.14108993e-08
37 33 0.000647647599
38 33 0.0438962563
39 33 -9.99990482
40 33 0
41 33 0
42 33 0
25 34 0
26 34 0
27 34 0
28 34 -999.975114
29 34 -3.17211813
30 34 -6.29508402
31 34 -5.5167844e-10
32 34 -0.304259923
33 34 0.375759133
34 34 5.02639852e+222
35 34 -1.50216149
36 34 -1.21631126
37 34 0.000939009196
38 34 0.305905093
39 34 -0.37441989
40 34 -999.995565
41 34 3.00647721
42 34 -0.051567949
25 35 0
26 35 0
27 35 0
28 35 3.1815951
29 35 -999.993769
30 35 -1.49239962
31 35 0.304259914
32 35 -2.08592209e-08
33 35 -39.9763014
34 35 -1.50216149
35 35 5.02639852e+222
36 35 -0.0114245903
37 35 -0.306847661
38 35 -0.174566236
39 35 39.9759021
40 35 -3.00621367
41 35 -999.985986
42 35 -4.38980086
25 36 0
26 36 0
27 36 0
28 36 6.29030596
29 36 1.51238796
30 36 -999.979145
31 36 -0.375758994
32 36 39.9762957
33 36 2.14108993e-08
34 36 -1.21631126
35 36 -0.0114245903
36 36 5.02639852e+222
37 36 0.255579782
38 36 -39.9768641
39 36 -0.175468069
40 36 0.0647563012
41 36 4.38961252
42 36 -999.990505
31 37 -9.99995604
32 37 -0.0300622303
33 37 0.000647647599
34 37 0.000939009196
35 37 -0.306847661
36 37 0.255579782
37 37 5.02639852e+222
38 37 -6.44062704e+183
39 37 -1.09150117e+185
40 37 1.19118566e-08
41 37 0.315082673
42 37 -0.387716653
43 37 -9.99989841
44 37 0.0242574565
45 37 -0.0378969612
46 37 0
47 37 0
48 37 0
31 38 0.0300646765
32 38 -9.99985895
33 38 0.0438962563
34 38 0.305905093
35 38 -0.174566236
36 38 -39.9768641
37 38 -6.44062704e+183
38 38 5.02639852e+222
39 38 1.78275165e+186
40 38 -0.315082693
41 38 1.59875986e-07
42 38 40.1648992
43 38 -0.0241372745
44 38 -9.99992283
45 38 -0.031559767
46 38 0
47 38 0
48 38 0
31 39 -0.00051559573
32 39 -0.0438978722
33 39 -9.99990482
34 39 -0.37441989
35 39 39.9759021
36 39 -0.175468069
37 39 -1.09150117e+185
38 39 1.78275165e+186
39 39 5.02639852e+222
40 39 0.387715095
41 39 -40.1648925
42 39 -1.71787842e-07
43 39 0.0379733594
44 39 0.0314682168
45 39 -9.99987736
46 39 0
47 39 0
48 39 0
31 40 0
32 40 0
33 40 0
34 40 -999.995565
35 40 -3.00621367
36 40 0.0647563012
37 40 1.19118566e-08
38 40 -0.315082693
39 40 0.387715095
40 40 5.02639852e+222
41 40 -1.55724536
42 40 -1.26551539
43 40 0.00223280833
44 40 0.316300314
45 40 -0.386715989
46 40 -999.989948
47 40 2.42570167
48 40 -3.78971049
31 41 0
32 41 0
33 41 0
34 41 3.00647721
35 41 -999.985986
36 41 4.38961252
37 41 0.315082673
38 41 1.59875986e-07
39 41 -40.1648925
40 41 -1.55724536
41 41 5.02639852e+222
42 41 -0.0121984334
43 41 -0.467599082
44 41 -0.125627459
45 41 40.1632105
46 41 -2.4137711
47 41 -999.99206
48 41 -3.15599915
31 42 0
32 42 0
33 42 0
34 42 -0.051567949
35 42 -4.38980086
36 42 -999.990505
37 42 -0.387716653
38 42 40.1648992
39 42 -1.71787842e-07
40 42 -1.26551539
41 42 -0.0121984334
42 42 5.02639852e+222
43 42 0.290764084
44 42 -40.1655277
45 42 -0.125290157
46 42 3.79732303
47 42 3.14679951
48 42 -999.987988
37 43 -9.99989841
38 43 -0.0241372745
39 43 0.0379733594
40 43 0.00223280833
41 43 -0.467599082
42 43 0.290764084
43 43 5.02639852e+222
44 43 -1.22672623e+185
45 43 -2.19608933e+186
46 43 3.53796391e-08
47 43 0.406898607
48 43 -0.121871141
49 43 -9.99981797
50 43 0.0103300641
51 43 -0.0591445077
52 43 0
53 43 0
54 43 0
37 44 0.0242574565
38 44 -9.99992283
39 44 0.0314682168
40 44 0.316300314
41 44 -0.125627459
42 44 -40.1655277
43 44 -1.22672623e+185
44 44 5.02639852e+222
45 44 1.68819978e+187
46 44 -0.406898807
47 44 -8.29755796e-08
48 44 40.3408946
49 44 -0.010235471
50 44 -9.99998586
51 44 -0.0156711402
52 44 0
53 44 0
54 44 0
37 45 -0.0378969612
38 45 -0.031559767
39 45 -9.99987736
40 45 -0.386715989
41 45 40.1632105
42 45 -0.125290157
43 45 -2.19608933e+186
44 45 1.68819978e+187
45 45 5.02639852e+222
46 45 0.121867688
47 45 -40.3408929
48 45 4.75959405e-08
49 45 0.0591606824
50 45 0.015610445
51 45 -9.9998143
52 45 0
53 45 0
54 45 0
37 46 0
38 46 0
39 46 0
40 46 -999.989948
41 46 -2.4137711
42 46 3.79732303
43 46 3.53796391e-08
44 46 -0.406898807
45 46 0.121867688
46 46 5.02639852e+222
47 46 -0.491552382
48 46 -1.64145531
49 46 0.0011374575
50 46 0.407088406
51 46 -0.121227753
52 46 -999.982253
53 46 1.0328423
54 46 -5.91446144
37 47 0
38 47 0
39 47 0
40 47 2.42570167
41 47 -999.99206
42 47 3.14679951
43 47 0.406898607
44 47 -8.29755796e-08
45 47 -40.3408929
46 47 -0.491552382
47 47 5.02639852e+222
48 47 -0.00494230873
49 47 -0.645550779
50 47 -0.0625535923
51 47 40.3377322
52 47 -1.0237112
53 47 -999.998186
54 47 -1.56712771
37 48 0
38 48 0
39 48 0
40 48 -3.78971049
41 48 -3.15599915
42 48 -999.987988
43 48 -0.121871141
44 48 40.3408946
45 48 4.75959405e-08
46 48 -1.64145531
47 48 -0.00494230873
48 48 5.02639852e+222
49 48 0.0805746558
50 48 -40.3409568
51 48 -0.0624979907
52 48 5.91606027
53 48 1.5610311
54 48 -999.981389
43 49 -9.99981797
44 49 -0.010235471
45 49 0.0591606824
46 49 0.0011374575
47 49 -0.645550779
48 49 0.0805746558
49 49 5.02639852e+222
50 49 -2.15416324e+186
51 49 -3.96682211e+187
52 49 -1.59082698e-08
53 49 0.14725168
54 49 -0.420063392
55 49 -9.99996693
56 49 0.00501241579
57 49 -0.0258323717
58 49 0
59 49 0
60 49 0
43 50 0.0103300641
44 50 -9.99998586
45 50 0.015610445
46 50 0.407088406
47 50 -0.0625535923
48 50 -40.3409568
49 50 -2.15416324e+186
50 50 5.02639852e+222
51 50 1.64128718e+188
52 50 -0.147251433
53 50 -4.42217339e-07
54 50 40.0973366
55 50 -0.00499306174
56 50 -9.99999508
57 50 -0.008119462
58 50 0
59 50 0
60 50 0
43 51 -0.0591445077
44 51 -0.0156711402
45 51 -9.9998143
46 51 -0.121227753
47 51 40.3377322
48 51 -0.0624979907
49 51 -3.96682211e+187
50 51 1.64128718e+188
51 51 5.02639852e+222
52 51 0.420067125
53 51 -40.0973456
54 51 4.58125608e-07
55 51 0.0258366288
56 51 0.00810640485
57 51 -9.99996471
58 51 0
59 51 0
60 51 0
43 52 0
44 52 0
45 52 0
46 52 -999.982253
47 52 -1.0237112
48 52 5.91606027
49 52 -1.59082698e-08
50 52 -0.147251433
51 52 0.420067125
52 52 5.02639852e+222
53 52 -1.6843307
54 52 -0.590426329
55 52 0.00115883534
56 52 0.147591913
57 52 -0.419946059
58 52 -999.996628
59 52 0.501355272
60 52 -2.58325438
43 53 0
44 53 0
45 53 0
46 53 1.0328423
47 53 -999.998186
48 53 1.5610311
49 53 0.14725168
50 53 -4.42217339e-07
51 53 -40.0973456
52 53 -1.6843307
53 53 5.02639852e+222
54 53 -0.00618119455
55 53 -0.250848992
56 53 -0.0324307212
57 53 40.0968213
58 53 -0.49919257
59 53 -999.999683
60 53 -0.811938526
43 54 0
44 54 0
45 54 0
46 54 -5.91446144
47 54 -1.56712771
48 54 -999.981389
49 54 -0.420063392
50 54 40.0973366
51 54 4.58125608e-07
52 54 -0.590426329
53 54 -0.00618119455
54 54 5.02639852e+222
55 54 0.400044861
56 54 -40.097534
57 54 -0.0314717525
58 54 2.58364525
59 54 0.810647966
60 54 -999.996409
49 55 -9.99996693
50 55 -0.00499306174
51 55 0.0258366288
52 55 0.00115883534
53 55 -0.250848992
54 55 0.400044861
55 55 5.02639852e+222
56 55 -2.53564924e+187
57 55 -4.73952163e+188
58 55 -4.17062528e-08
59 55 0.624314976
60 55 -0.372108787
61 55 -9.99994481
62 55 2.45850746e-06
63 55 0.0334182696
64 55 0
65 55 0
66 55 0
49 56 0.00501241579
50 56 -9.99999508
51 56 0.00810640485
52 56 0.147591913
53 56 -0.0324307212
54 56 -40.097534
55 56 -2.53564924e+187
56 56 5.02639852e+222
57 56 1.61699606e+189
58 56 -0.624314896
59 56 2.03442003e-07
60 56 39.8163693
61 56 -6.18568448e-05
62 56 -9.9999856
63 56 -0.0171279734
64 56 0
65 56 0
66 56 0
49 57 -0.0258323717
50 57 -0.008119462
51 57 -9.99996471
52 57 -0.419946059
53 57 40.0968213
54 57 -0.0314717525
55 57 -4.73952163e+188
56 57 1.61699606e+189
57 57 5.02639852e+222
58 57 0.372111387
59 57 -39.8163678
60 57 -1.6173575e-07
61 57 -0.0334180342
62 57 0.0171282503
63 57 -9.99992884
64 57 0
65 57 0
66 57 0
49 58 0
50 58 0
51 58 0
52 58 -999.996628
53 58 -0.49919257
54 58 2.58364525
55 58 -4.17062528e-08
56 58 -0.624314896
57 58 0.372111387
58 58 5.02639852e+222
59 58 -1.48172102
60 58 -2.48577992
61 58 -0.00123966139
62 58 0.624951386
63 58 -0.371039443
64 58 -999.994415
65 58 0.000428978183
66 58 3.34181023
49 59 0
50 59 0
51 59 0
52 59 0.501355272
53 59 -999.999683
54 59 0.810647966
55 59 0.624314976
56 59 2.03442003e-07
57 59 -39.8163678
58 59 -1.48172102
59 59 5.02639852e+222
60 59 -0.0232252862
61 59 -0.491252992
62 59 -0.0681983239
63 59 39.8181742
64 59 -0.00600263579
65 59 -999.998566
66 59 -1.71281267
49 60 0
50 60 0
51 60 0
52 60 -2.58325438
53 60 -0.811938526
54 60 -999.996409
55 60 -0.372108787
56 60 39.8163693
57 60 -1.6173575e-07
58 60 -2.48577992
59 60 -0.0232252862
60 60 5.02639852e+222
61 60 0.37186307
62 60 -39.8163139
63 60 -0.0694409065
64 60 -3.34182082
65 60 1.71281062
66 60 -999.993055
55 61 -9.99994481
56 61 -6.18568448e-05
57 61 -0.0334180342
58 61 -0.00123966139
59 61 -0.491252992
60 61 0.37186307
61 61 5.02639852e+222
62 61 -1.93133766e+188
63 61 -3.72988679e+189
64 61 1.11699052e-07
65 61 0.950866898
66 61 -0.167439938
67 61 -9.99998304
68 61 0.0163341307
69 61 0.00710792887
70 61 0
71 61 0
72 61 0
55 62 2.45850746e-06
56 62 -9.9999856
57 62 0.0171282503
58 62 0.624951386
59 62 -0.0681983239
60 62 -39.8163139
61 62 -1.93133766e+188
62 62 5.02639852e+222
63 62 1.56543787e+190
64 62 -0.95086733
65 62 -3.69946677e-07
66 62 39.4003271
67 62 -0.0163288683
68 62 -9.99998663
69 62 0.0046124838
70 62 0
71 62 0
72 62 0
55 63 0.0334182696
56 63 -0.0171279734
57 63 -9.99992884
58 63 -0.371039443
59 63 39.8181742
60 63 -0.0694409065
61 63 -3.72988679e+189
62 63 1.56543787e+190
63 63 5.02639852e+222
64 63 0.167435377
65 63 -39.4003265
66 63 2.58247625e-07
67 63 -0.00711546351
68 63 -0.00460091367
69 63 -9.99999634
70 63 0
71 63 0
72 63 0
55 64 0
56 64 0
57 64 0
58 64 -999.994415
59 64 -0.00600263579
60 64 -3.34182082
61 64 1.11699052e-07
62 64 -0.95086733
63 64 0.167435377
64 64 5.02639852e+222
65 64 -0.659734635
66 64 -3.74643736
67 64 0.00143352068
68 64 0.950789007
69 64 -0.167873908
70 64 -999.998484
71 64 1.63327255
72 64 0.710790787
55 65 0
56 65 0
57 65 0
58 65 0.000428978183
59 65 -999.998566
60 65 1.71281062
61 65 0.950866898
62 65 -3.69946677e-07
63 65 -39.4003265
64 65 -0.659734635
65 65 5.02639852e+222
66 65 -0.0159147901
67 65 -0.922830543
68 65 0.0196809091
69 65 39.4009878
70 65 -1.6330274
71 65 -999.99851
72 65 0.461249534
55 66 0
56 66 0
57 66 0
58 66 3.34181023
59 66 -1.71281267
60 66 -999.993055
61 66 -0.167439938
62 66 39.4003271
63 66 2.58247625e-07
64 66 -3.74643736
65 66 -0.0159147901
66 66 5.02639852e+222
67 66 0.103098825
68 66 -39.4005472
69 66 0.0180543248
70 66 -0.711548684
71 66 -0.460090266
72 66 -999.999693
61 67 -9.99998304
62 67 -0.0163288683
63 67 -0.00711546351
64 67 0.00143352068
65 67 -0.922830543
66 67 0.103098825
67 67 5.02639852e+222
68 67 -1.82345889e+189
69 67 -3.48913538e+190
70 67 1.0419789e-08
71 67 -0.606377747
72 67 -0.539660464
73 67 -9.99998966
74 67 0.0134165054
75 67 0.00127693625
76 67 0
77 67 0
78 67 0
61 68 0.0163341307
62 68 -9.99998663
63 68 -0.00460091367
64 68 0.950789007
65 68 0.0196809091
66 68 -39.4005472
67 68 -1.82345889e+189
68 68 5.02639852e+222
69 68 1.57993059e+191
70 68 0.60637799
71 68 3.18919968e-07
72 68 38.5768347
73 68 -0.0134072197
74 68 -9.99976691
75 68 0.0672805939
76 68 0
77 68 0
78 68 0
61 69 0.00710792887
62 69 0.0046124838
63 69 -9.99999634
64 69 -0.167873908
65 69 39.4009878
66 69 0.0180543248
67 69 -3.48913538e+190
68 69 1.57993059e+191
69 69 5.02639852e+222
70 69 0.539661281
71 69 -38.5768304
72 69 -3.29339757e-07
73 69 -0.00136701047
74 69 -0.0672785418
75 69 -9.99977365
76 69 0
77 69 0
78 69 0
61 70 0
62 70 0
63 70 0
64 70 -999.998484
65 70 -1.6330274
66 70 -0.711548684
67 70 1.0419789e-08
68 70 0.60637799
69 70 0.539661281
70 70 5.02639852e+222
71 70 -2.08177115
72 70 2.33922328
73 70 -0.000886756484
74 70 -0.609994565
75 70 -0.535569333
76 70 -999.999254
77 70 1.34160114
78 70 0.127679477
61 71 0
62 71 0
63 71 0
64 71 1.63327255
65 71 -999.99851
66 71 -0.460090266
67 71 -0.606377747
68 71 3.18919968e-07
69 71 -38.5768304
70 71 -2.08177115
71 71 5.02639852e+222
72 71 0.0327351244
73 71 0.611650803
74 71 0.258725746
75 71 38.5758804
76 71 -1.34077125
77 71 -999.976375
78 71 6.7280351
61 72 0
62 72 0
63 72 0
64 72 0.710790787
65 72 0.461249534
66 72 -999.999693
67 72 -0.539660464
68 72 38.5768347
69 72 -3.29339757e-07
70 72 2.33922328
71 72 0.0327351244
72 72 5.02639852e+222
73 72 0.487939932
74 72 -38.5766558
75 72 0.259478298
76 72 -0.136715604
77 72 -6.72787674
78 72 -999.977426
67 73 -9.99998966
68 73 -0.0134072197
69 73 -0.00136701047
70 73 -0.000886756484
71 73 0.611650803
72 73 0.487939932
73 73 5.02639852e+222
74 73 -2.0218137e+190
75 73 -3.42534011e+191
76 73 3.88866414e-09
77 73 0.609205988
78 73 -0.99264719
79 73 -9.99981476
80 73 0.0134303661
81 73 0.0596478627
82 73 0
83 73 0
84 73 0
67 74 0.0134165054
68 74 -9.99976691
69 74 -0.0672785418
70 74 -0.609994565
71 74 0.258725746
72 74 -38.5766558
73 74 -2.0218137e+190
74 74 5.02639852e+222
75 74 1.78309067e+192
76 74 -0.609205976
77 74 -1.5106014e-07
78 74 39.8854588
79 74 -0.0137673636
80 74 -9.9998329
81 74 -0.0566305095
82 74 0
83 74 0
84 74 0
67 75 0.00127693625
68 75 0.0672805939
69 75 -9.99977365
70 75 -0.535569333
71 75 38.5758804
72 75 0.259478298
73 75 -3.42534011e+191
74 75 1.78309067e+192
75 75 5.02639852e+222
76 75 0.992646867
77 75 -39.8854567
78 75 1.47171476e-07
79 75 -0.0595707087
80 75 0.0567116318
81 75 -9.9996627
82 75 0
83 75 0
84 75 0
67 76 0
68 76 0
69 76 0
70 76 -999.999254
71 76 -1.34077125
72 76 -0.136715604
73 76 3.88866414e-09
74 76 -0.609205976
75 76 0.992646867
76 76 5.02639852e+222
77 76 -3.9591488
78 76 -2.42983504
79 76 -0.00507455148
80 76 0.614825194
81 76 -0.989163365
82 76 -999.981503
83 76 1.34295688
84 76 5.96477751
67 77 0
68 77 0
69 77 0
70 77 1.34160114
71 77 -999.976375
72 77 -6.72787674
73 77 0.609205988
74 77 -1.5106014e-07
75 77 -39.8854567
76 77 -3.9591488
77 77 5.02639852e+222
78 77 -0.0604578002
79 77 -0.371594148
80 77 -0.225378734
81 77 39.8877428
82 77 -1.37681592
83 77 -999.983066
84 77 -5.66305822
67 78 0
68 78 0
69 78 0
70 78 0.127679477
71 78 6.7280351
72 78 -999.977426
73 78 -0.99264719
74 78 39.8854588
75 78 1.47171476e-07
76 78 -2.42983504
77 78 -0.0604578002
78 78 5.02639852e+222
79 78 0.937716668
80 78 -39.8861211
81 78 -0.231794286
82 78 -5.95707998
83 78 5.67115477
84 78 -999.966376
73 79 -9.99981476
74 79 -0.0137673636
75 79 -0.0595707087
76 79 -0.00507455148
77 79 -0.371594148
78 79 0.937716668
79 79 5.02639852e+222
80 79 -8.54517762e+190
81 79 -1.60176032e+192
82 79 -6.47402312e-09
83 79 0.633674398
84 79 -0.144355463
85 79 -9.99987017
86 79 0.00397175276
87 79 -0.050735353
88 79 0
89 79 0
90 79 0
73 80 0.0134303661
74 80 -9.9998329
75 80 0.0567116318
76 80 0.614825194
77 80 -0.225378734
78 80 -39.8861211
79 80 -8.54517762e+190
80 80 5.02639852e+222
81 80 1.612795e+193
82 80 -0.63367428
83 80 5.37771999e-08
84 80 38.3838427
85 80 -0.00399225071
86 80 -9.99999796
87 80 0.00401584732
88 80 0
89 80 0
90 80 0
73 81 0.0596478627
74 81 -0.0566305095
75 81 -9.9996627
76 81 -0.989163365
77 81 39.8877428
78 81 -0.231794286
79 81 -1.60176032e+192
80 81 1.612795e+193
81 81 5.02639852e+222
82 81 0.144355839
83 81 -38.3838454
84 81 -4.73031768e-08
85 81 0.0507338977
86 81 -0.00403591856
87 81 -9.99987009
88 81 0
89 81 0
90 81 0
73 82 0
74 82 0
75 82 0
76 82 -999.981503
77 82 -1.37681592
78 82 -5.95707998
79 82 -6.47402312e-09
80 82 -0.63367428
81 82 0.144355839
82 82 5.02639852e+222
83 82 -0.554053488
84 82 -2.4322746
85 82 0.000985352196
86 82 0.633615988
87 82 -0.144608449
88 82 -999.987076
89 82 0.39717765
90 82 -5.07354942
73 83 0
74 83 0
75 83 0
76 83 1.34295688
77 83 -999.983066
78 83 5.67115477
79 83 0.633674398
80 83 5.37771999e-08
81 83 -38.3838454
82 83 -0.554053488
83 83 5.02639852e+222
84 83 -0.00913694976
85 83 -0.828402377
86 83 0.0157430885
87 83 38.3801351
88 83 -0.399222669
89 83 -999.999841
90 83 0.401572217
73 84 0
74 84 0
75 84 0
76 84 5.96477751
77 84 -5.66305822
78 84 -999.966376
79 84 -0.144355463
80 84 38.3838427
81 84 -4.73031768e-08
82 84 -2.4322746
83 84 -0.00913694976
84 84 5.02639852e+222
85 84 0.129030182
86 84 -38.3838982
87 84 0.0161467621
88 84 5.07337631
89 84 -0.403604426
90 84 -999.987083
79 85 -9.99987017
80 85 -0.00399225071
81 85 0.0507338977
82 85 0.000985352196
83 85 -0.828402377
84 85 0.129030182
85 85 5.02639852e+222
86 85 -1.68199426e+192
87 85 -3.12884566e+193
88 85 -6.77353631e-09
89 85 -0.131463676
90 85 -0.346845664
91 85 -9.99999315
92 85 0.00141951096
93 85 -0.00980372043
94 85 0
95 85 0
96 85 0
79 86 0.00397175276
80 86 -9.99999796
81 86 -0.00403591856
82 86 0.633615988
83 86 0.0157430885
84 86 -38.3838982
85 86 -1.68199426e+192
86 86 5.02639852e+222
87 86 1.62496032e+194
88 86 0.131463701
89 86 -2.32531471e-08
90 86 39.5811111
91 86 -0.00145962
92 86 -9.99991415
93 86 0.0417654629
94 86 0
95 86 0
96 86 0
79 87 -0.050735353
80 87 0.00401584732
81 87 -9.99987009
82 87 -0.144608449
83 87 38.3801351
84 87 0.0161467621
85 87 -3.12884566e+193
86 87 1.62496032e+194
87 87 5.02639852e+222
88 87 0.346843643
89 87 -39.5811058
90 87 3.00266834e-08
91 87 0.00979781092
92 87 -0.041766762
93 87 -9.99990746
94 87 0
95 87 0
96 87 0
79 88 0
80 88 0
81 88 0
82 88 -999.987076
83 88 -0.399222669
84 88 5.07337631
85 88 -6.77353631e-09
86 88 0.131463701
87 88 0.346843643
88 88 5.02639852e+222
89 88 -1.37282922
90 88 0.520359589
91 88 0.000320642164
92 88 -0.132911218
93 88 -0.346291394
94 88 -999.999608
95 88 0.141894678
96 88 -0.980382568
79 89 0
80 89 0
81 89 0
82 89 0.39717765
83 89 -999.999841
84 89 -0.403604426
85 89 -0.131463676
86 89 -2.32531471e-08
87 89 -39.5811058
88 89 -1.37282922
89 89 5.02639852e+222
90 89 0.00457115943
91 89 0.0926827812
92 89 0.165298813
93 89 39.5808713
94 89 -0.14601837
95 89 -999.99116
96 89 4.17653448
79 90 0
80 90 0
81 90 0
82 90 -5.07354942
83 90 0.401572217
84 90 -999.987083
85 90 -0.346845664
86 90 39.5811111
87 90 3.00266834e-08
88 90 0.520359589
89 90 0.00457115943
90 90 5.02639852e+222
91 90 0.341066093
92 90 -39.5808181
93 90 0.165652368
94 90 0.979770692
95 90 -4.17668721
96 90 -999.990823
85 91 -9.99999315
86 91 -0.00145962
87 91 0.00979781092
88 91 0.000320642164
89 91 0.0926827812
90 91 0.341066093
91 91 5.02639852e+222
92 91 -1.98291064e+193
93 91 -3.42179201e+194
94 91 7.68735989e-08
95 91 2.07176708
96 91 1.90966708
97 91 -9.99999331
98 91 0.0047988486
99 91 0.0112893256
100 91 0
101 91 0
102 91 0
85 92 0.00141951096
86 92 -9.99991415
87 92 -0.041766762
88 92 -0.132911218
89 92 0.165298813
90 92 -39.5808181
91 92 -1.98291064e+193
92 92 5.02639852e+222
93 92 1.75081439e+195
94 92 -2.07176706
95 92 -1.05004085e-07
96 92 37.3265893
97 92 -0.00485975048
98 92 -9.99985054
99 92 -0.0545901446
100 92 0
101 92 0
102 92 0
85 93 -0.00980372043
86 93 0.0417654629
87 93 -9.99990746
88 93 -0.346291394
89 93 39.5808713
90 93 0.165652368
91 93 -3.42179201e+194
92 93 1.75081439e+195
93 93 5.02639852e+222
94 93 -1.90966838
95 93 -37.3265881
96 93 2.81304863e-08
97 93 -0.0112629378
98 93 0.0545957119
99 93 -9.99984401
100 93 0
101 93 0
102 93 0
85 94 0
86 94 0
87 94 0
88 94 -999.999608
89 94 -0.14601837
90 94 0.979770692
91 94 7.68735989e-08
92 94 -2.07176706
93 94 -1.90966838
94 94 5.02639852e+222
95 94 7.12816853
96 94 -7.73319164
97 94 0.00315767479
98 94 2.06131013
99 94 1.92094847
100 94 -999.99926
101 94 0.479839339
102 94 1.12892836
85 95 0
86 95 0
87 95 0
88 95 0.141894678
89 95 -999.99116
90 95 -4.17668721
91 95 2.07176708
92 95 -1.05004085e-07
93 95 -37.3265881
94 95 7.12816853
95 95 5.02639852e+222
96 95 0.395651287
97 95 -2.02972497
98 95 -0.202792963
99 95 37.3283462
100 95 -0.486020528
101 95 -999.984965
102 95 -5.45902715
85 96 0
86 96 0
87 96 0
88 96 -0.980382568
89 96 4.17653448
90 96 -999.990823
91 96 1.90966708
92 96 37.3265893
93 96 2.81304863e-08
94 96 -7.73319164
95 96 0.395651287
96 96 5.02639852e+222
97 96 -1.92780697
98 96 -37.3251153
99 96 -0.201610505
100 96 -1.12629784
101 96 5.45955886
102 96 -999.984563
91 97 -9.99999331
92 97 -0.00485975048
93 97 -0.0112629378
94 97 0.00315767479
95 97 -2.02972497
96 97 -1.92780697
97 97 5.02639852e+222
98 97 -1.61316013e+194
99 97 -3.07397359e+195
100 97 -1.94508619e-08
101 97 -0.844831692
102 97 -0.752731996
103 97 -9.9995379
104 97 0.019485975
105 97 -0.0939454391
106 97 0
107 97 0
108 97 0
91 98 0.0047988486
92 98 -9.99985054
93 98 0.0545957119
94 98 2.06131013
95 98 -0.202792963
96 98 -37.3251153
97 98 -1.61316013e+194
98 98 5.02639852e+222
99 98 1.58650044e+196
100 98 0.844831791
101 98 6.34694666e-08
102 98 38.5270498
103 98 -0.0205230859
104 98 -9.99936897
105 98 0.110490859
106 98 0
107 98 0
108 98 0
91 99 0.0112893256
92 99 -0.0545901446
93 99 -9.99984401
94 99 1.92094847
95 99 37.3283462
96 99 -0.201610505
97 99 -3.07397359e+195
98 99 1.58650044e+196
99 99 5.02639852e+222
100 99 0.752731295
101 99 -38.5270547
102 99 -4.40186048e-08
103 99 0.0937243074
104 99 -0.110678415
105 99 -9.9989489
106 99 0
107 99 0
108 99 0
91 100 0
92 100 0
93 100 0
94 100 -999.99926
95 100 -0.486020528
96 100 -1.12629784
97 100 -1.94508619e-08
98 100 0.844831791
99 100 0.752731295
100 100 5.02639852e+222
101 100 -2.90002006
102 100 3.25489522
103 100 0.00532106582
104 100 -0.853109644
105 100 -0.743317507
106 100 -999.954073
107 100 1.94854785
108 100 -9.39455429
91 101 0
92 101 0
93 101 0
94 101 0.479839339
95 101 -999.984965
96 101 5.45955886
97 101 -0.844831692
98 101 6.34694666e-08
99 101 -38.5270547
100 101 -2.90002006
101 101 5.02639852e+222
102 101 0.0636071502
103 101 0.483700678
104 101 0.424765072
105 101 38.5309394
106 101 -2.05235834
107 101 -999.936799
108 101 11.0490684
91 102 0
92 102 0
93 102 0
94 102 1.12892836
95 102 -5.45902715
96 102 -999.984563
97 102 -0.752731996
98 102 38.5270498
99 102 -4.40186048e-08
100 102 3.25489522
101 102 0.0636071502
102 102 5.02639852e+222
103 102 0.673627063
104 102 -38.5260878
105 102 0.432760276
106 102 9.37242175
107 102 -11.0678567
108 102 -999.894818
97 103 -9.9995379
98 103 -0.0205230859
99 103 0.0937243074
100 103 0.00532106582
101 103 0.483700678
102 103 0.673627063
103 103 5.02639852e+222
104 103 -3.73410425e+195
105 103 -5.87013112e+196
106 103 4.28461342e-10
107 103 0.0152500047
108 103 -0.00670560821
109 103 -9.99999053
110 103 0.0114988524
111 103 0.00387456911
112 103 0
113 103 0
114 103 0
97 104 0.019485975
98 104 -9.99936897
99 104 -0.110678415
100 104 -0.853109644
101 104 0.424765072
102 104 -38.5260878
103 104 -3.73410425e+195
104 104 5.02639852e+222
105 104 1.92009755e+197
106 104 -0.0152499754
107 104 2.09094106e-07
108 104 37.9194669
109 104 -0.0114711542
110 104 -9.99976274
111 104 0.067750684
112 104 0
113 104 0
114 104 0
97 105 -0.0939454391
98 105 0.110490859
99 105 -9.9989489
100 105 -0.743317507
101 105 38.5309394
102 105 0.432760276
103 105 -5.87013112e+196
104 105 1.92009755e+197
105 105 5.02639852e+222
106 105 0.00670453098
107 105 -37.9194724
108 105 -2.09522567e-07
109 105 -0.00395225803
110 105 -0.0677458818
111 105 -9.99976917
112 105 0
113 105 0
114 105 0
97 106 0
98 106 0
99 106 0
100 106 -999.954073
101 106 -2.05235834
102 106 9.37242175
103 106 4.28461342e-10
104 106 -0.0152499754
105 106 0.00670453098
106 106 5.02639852e+222
107 106 -0.0253593312
108 106 -0.0578160943
109 106 1.4843682e-05
110 106 0.0152041965
111 106 -0.00680769634
112 106 -999.999278
113 106 1.14978106
114 106 0.387445548
97 107 0
98 107 0
99 107 0
100 107 1.94854785
101 107 -999.936799
102 107 -11.0678567
103 107 0.0152500047
104 107 2.09094106e-07
105 107 -37.9194724
106 107 -0.0253593312
107 107 5.02639852e+222
108 107 1.17612692e-05
109 107 -0.000263209197
110 107 0.256906367
111 107 37.9186062
112 107 -1.14721982
113 107 -999.976295
114 107 6.77504015
97 108 0
98 108 0
99 108 0
100 108 -9.39455429
101 108 11.0490684
102 108 -999.894818
103 108 -0.00670560821
104 108 37.9194669
105 108 -2.09522567e-07
106 108 -0.0578160943
107 108 1.17612692e-05
108 108 5.02639852e+222
109 108 -0.0367934901
110 108 -37.9185836
111 108 0.256904443
112 108 -0.395237982
113 108 -6.77461642
114 108 -999.976891
103 109 -9.99999053
104 109 -0.0114711542
105 109 -0.00395225803
106 109 1.4843682e-05
107 109 -0.000263209197
108 109 -0.0367934901
109 109 5.02639852e+222
110 109 -4.03350043e+196
111 109 -5.7262454e+197
112 109 -3.12033773e-08
113 109 1.67543521
114 109 0.399478078
115 109 -9.99916145
116 109 0.0277398667
117 109 0.126588734
118 109 0
119 109 0
120 109 0
103 110 0.0114988524
104 110 -9.99976274
105 110 -0.0677458818
106 110 0.0152041965
107 110 0.256906367
108 110 -37.9185836
109 110 -4.03350043e+196
110 110 5.02639852e+222
111 110 2.1242664e+198
112 110 -1.67543538
113 110 -5.04859684e-07
114 110 36.4138118
115 110 -0.0287262548
116 110 -9.99965914
117 110 -0.0778004642
118 110 0
119 110 0
120 110 0
103 111 0.00387456911
104 111 0.067750684
105 111 -9.99976917
106 111 -0.00680769634
107 111 37.9186062
108 111 0.256904443
109 111 -5.7262454e+197
110 111 2.1242664e+198
111 111 5.02639852e+222
112 111 -0.399477423
113 111 -36.413808
114 111 5.36063061e-07
115 111 -0.126368419
116 111 0.0781573797
117 111 -9.99889784
118 111 0
119 111 0
120 111 0
103 112 0
104 112 0
105 112 0
106 112 -999.999278
107 112 -1.14721982
108 112 -0.395237982
109 112 -3.12033773e-08
110 112 -1.67543538
111 112 -0.399477423
112 112 5.02639852e+222
113 112 1.45470078
114 112 -6.10088503
115 112 0.00986102928
116 112 1.67225566
117 112 0.412468279
118 112 -999.916233
119 112 2.77398339
120 112 12.65886
103 113 0
104 113 0
105 113 0
106 113 1.14978106
107 113 -999.976295
108 113 -6.77461642
109 113 1.67543521
110 113 -5.04859684e-07
111 113 -36.413808
112 113 1.45470078
113 113 5.02639852e+222
114 113 0.0669391181
115 113 -1.21513902
116 113 -0.27995311
117 113 36.4309989
118 113 -2.87262836
119 113 -999.965698
120 113 -7.78003377
103 114 0
104 114 0
105 114 0
106 114 0.387445548
107 114 6.77504015
108 114 -999.976891
109 114 0.399478078
110 114 36.4138118
111 114 5.36063061e-07
112 114 -6.10088503
113 114 0.0669391181
114 114 5.02639852e+222
115 114 -0.504047067
116 114 -36.4114538
117 114 -0.278244146
118 114 -12.6368561
119 114 7.81574882
120 114 -999.889769
109 115 -9.99916145
110 115 -0.0287262548
111 115 -0.126368419
112 115 0.00986102928
113 115 -1.21513902
114 115 -0.504047067
115 115 5.02639852e+222
116 115 -1.16182007e+197
117 115 -1.85502765e+198
118 115 -1.06416611e-09
119 115 -0.0919732972
120 115 -0.858149452
121 115 -9.99996364
122 115 0.0151573565
123 115 -0.0222217371
124 115 0
125 115 0
126 115 0
109 116 0.0277398667
110 116 -9.99965914
111 116 0.0781573797
112 116 1.67225566
113 116 -0.27995311
114 116 -36.4114538
115 116 -1.16182007e+197
116 116 5.02639852e+222
117 116 1.89135892e+199
118 116 0.0919732959
119 116 -2.19303732e-08
120 116 35.1913595
121 116 -0.0148989148
122 116 -9.9993187
123 116 -0.115785563
124 116 0
125 116 0
126 116 0
109 117 0.126588734
110 117 -0.0778004642
111 117 -9.99889784
112 117 0.412468279
113 117 36.4309989
114 117 -0.278244146
115 117 -1.85502765e+198
116 117 1.89135892e+199
117 117 5.02639852e+222
118 117 0.85814911
119 117 -35.1913629
120 117 2.29945393e-08
121 117 0.0223958306
122 117 0.11575207
123 117 -9.99930572
124 117 0
125 117 0
126 117 0
109 118 0
110 118 0
111 118 0
112 118 -999.916233
113 118 -2.87262836
114 118 -12.6368561
115 118 -1.06416611e-09
116 118 0.0919732959
117 118 0.85814911
118 118 5.02639852e+222
119 118 -3.01993452
120 118 0.323678119
121 118 0.00178486595
122 118 -0.0820337838
123 118 -0.859154442
124 118 -999.996479
125 118 1.51572459
126 118 -2.22218458
109 119 0
110 119 0
111 119 0
112 119 2.77398339
113 119 -999.965698
114 119 7.81574882
115 119 -0.0919732972
116 119 -2.19303732e-08
117 119 -35.1913629
118 119 -3.01993452
119 119 5.02639852e+222
120 119 0.00789180341
121 119 0.0131589896
122 119 -0.407486714
123 119 35.1891237
124 119 -1.48990287
125 119 -999.931895
126 119 -11.5785596
109 120 0
110 120 0
111 120 0
112 120 12.65886
113 120 -7.78003377
114 120 -999.889769
115 120 -0.858149452
116 120 35.1913595
117 120 2.29945393e-08
118 120 0.323678119
119 120 0.00789180341
120 120 5.02639852e+222
121 120 0.805714672
122 120 -35.1902658
123 120 -0.405558218
124 120 2.23957245
125 120 11.5752035
126 120 -999.930523
115 121 -9.99996364
116 121 -0.0148989148
117 121 0.0223958306
118 121 0.00178486595
119 121 0.0131589896
120 121 0.805714672
121 121 5.02639852e+222
122 121 -1.27812379e+198
123 121 -2.5047524e+199
124 121 -3.23150141e-08
125 121 0.557407334
126 121 0.325318734
127 121 -9.99996034
128 121 0.021384866
129 121 -0.0180280115
130 121 0
131 121 0
132 121 0
115 122 0.0151573565
116 122 -9.9993187
117 122 0.11575207
118 122 -0.0820337838
119 122 -0.407486714
120 122 -35.1902658
121 122 -1.27812379e+198
122 122 5.02639852e+222
123 122 1.54294738e+200
124 122 -0.557407236
125 122 3.61707374e-08
126 122 35.3848781
127 122 -0.0213769976
128 122 -9.99997653
129 122 -0.00498717093
130 122 0
131 122 0
132 122 0
115 123 -0.0222217371
116 123 -0.115785563
117 123 -9.99930572
118 123 -0.859154442
119 123 35.1891237
120 123 -0.405558218
121 123 -2.5047524e+199
122 123 1.54294738e+200
123 123 5.02639852e+222
124 123 -0.325316623
125 123 -35.3848778
126 123 -3.85572339e-09
127 123 0.0180387717
128 123 0.0049487193
129 123 -9.99998184
130 123 0
131 123 0
132 123 0
115 124 0
116 124 0
117 124 0
118 124 -999.996479
119 124 -1.48990287
120 124 2.23957245
121 124 -3.23150141e-08
122 124 -0.557407236
123 124 -0.325316623
124 124 5.02639852e+222
125 124 1.15110709
126 124 -1.97236768
127 124 0.000604738123
128 124 0.557244977
129 124 0.325594046
130 124 -999.996148
131 124 2.13856596
132 124 -1.802814
115 125 0
116 125 0
117 125 0
118 125 1.51572459
119 125 -999.931895
120 125 11.5752035
121 125 0.557407334
122 125 3.61707374e-08
123 125 -35.3848778
124 125 1.15110709
125 125 5.02639852e+222
126 125 0.0181406463
127 125 -0.621235043
128 125 -0.0163189762
129 125 35.3838114
130 125 -2.13762034
131 125 -999.997522
132 125 -0.498727571
115 126 0
116 126 0
117 126 0
118 126 -2.22218458
119 126 -11.5785596
120 126 -999.930523
121 126 0.325318734
122 126 35.3848781
123 126 -3.85572339e-09
124 126 -1.97236768
125 126 0.0181406463
126 126 5.02639852e+222
127 126 -0.400957609
128 126 -35.3841018
129 126 -0.018233526
130 126 1.80386468
131 126 0.494861332
132 126 -999.998306
121 127 -9.99996034
122 127 -0.0213769976
123 127 0.0180387717
124 127 0.000604738123
125 127 -0.621235043
126 127 -0.400957609
127 127 5.02639852e+222
128 127 -1.52522194e+199
129 127 -3.01723881e+200
130 127 1.38428868e-08
131 127 0.391079106
132 127 0.295669023
133 127 -9.99997653
134 127 0.0173687127
135 127 -0.0133662647
136 127 0
137 127 0
138 127 0
121 128 0.021384866
122 128 -9.99997653
123 128 0.0049487193
124 128 0.557244977
125 128 -0.0163189762
126 128 -35.3841018
127 128 -1.52522194e+199
128 128 5.02639852e+222
129 128 1.52852972e+201
