0.47876 -0.876917 0.0424876 -0.691423 0.877945 0.47813 -0.0245935 -0.545059 0.00125186 0.0490762 0.998794 -0.787702
0.475787 -0.878767 0.0373612 0.127267 0.879555 0.475207 -0.0236946 1.02676 0.00306772 0.0441348 0.999021 -0.785256
0.472985 -0.880207 0.0389866 0.956181 0.88107 0.47252 -0.0209823 2.62419 4.68288e-05 0.0442742 0.999019 -0.770962
0.470427 -0.881564 0.0392756 1.79479 0.882439 0.469951 -0.0211778 4.24533 0.000211995 0.0446209 0.999004 -0.766476
0.46874 -0.882378 0.0411373 2.64046 0.883336 0.46823 -0.0218628 5.88409 2.9536e-05 0.0465861 0.998914 -0.760285
0.469173 -0.882071 0.0427563 3.49246 0.883074 0.469022 -0.014121 7.53929 -0.00759794 0.0443821 0.998986 -0.739183
0.471591 -0.880638 0.0455982 4.35519 0.881743 0.471593 -0.0113917 9.21561 -0.0114718 0.0455781 0.998895 -0.735046
0.47367 -0.879757 0.040805 5.23718 0.880693 0.473372 -0.0172808 10.9153 -0.00411306 0.044122 0.999018 -0.756286
0.475492 -0.878719 0.0419481 6.1291 0.879719 0.475028 -0.0210462 12.6314 -0.00143283 0.0469099 0.998898 -0.759802
0.47434 -0.878874 0.0508071 7.02844 0.880281 0.474194 -0.0156743 14.3531 -0.0103167 0.0521595 0.998585 -0.742345
0.472249 -0.879541 0.0582127 7.94034 0.881443 0.471676 -0.0240799 16.0933 -0.0062783 0.0626829 0.998014 -0.754332
0.469382 -0.881327 0.0542619 8.8663 0.882995 0.468511 -0.0285733 17.8683 -0.000239857 0.0613248 0.998118 -0.75875
0.46733 -0.882422 0.0541713 9.82586 0.884066 0.466819 -0.0225213 19.7303 -0.00541485 0.0584159 0.998278 -0.69341
0.465182 -0.883514 0.0548641 10.7728 0.885173 0.464869 -0.0191023 21.5754 -0.00862748 0.0574503 0.998311 -0.650412
0.464462 -0.884002 0.0530558 11.7041 0.885481 0.464523 -0.0119172 23.4062 -0.0141108 0.052515 0.99852 -0.626487
0.464405 -0.884098 0.0519438 12.6224 0.88553 0.464409 -0.0127403 25.227 -0.0128595 0.0519145 0.998569 -0.627218
0.463877 -0.884576 0.0484167 13.5322 0.885846 0.463759 -0.0143264 27.0246 -0.0097809 0.0495354 0.998724 -0.624346
0.461876 -0.885461 0.0512738 14.4344 0.886861 0.461855 -0.0129618 28.8031 -0.0122039 0.0514595 0.998601 -0.60803
0.46115 -0.886186 0.0448973 15.3217 0.887308 0.46084 -0.017652 30.5729 -0.00504749 0.0479779 0.998836 -0.614534
0.46039 -0.886536 0.0457695 16.2062 0.88769 0.460167 -0.0159132 32.3262 -0.00695395 0.0479554 0.998825 -0.600213
0.459775 -0.88655 0.0513489 17.0783 0.887967 0.459688 -0.0142096 34.0643 -0.011007 0.0521293 0.99858 -0.584214
0.459269 -0.886546 0.0557554 17.9492 0.888257 0.458942 -0.0192972 35.7911 -0.00848064 0.0583878 0.998258 -0.585974
0.457127 -0.887231 0.0620957 18.8134 0.889301 0.457009 -0.0169247 37.501 -0.0133622 0.0629585 0.997927 -0.579094
0.45587 -0.887576 0.0662705 19.6607 0.889798 0.456238 -0.0103489 39.2075 -0.0210497 0.0636851 0.997748 -0.582171
0.45357 -0.889288 0.0586656 20.5114 0.891159 0.45333 -0.0181037 40.8891 -0.0104955 0.0604917 0.998114 -0.61487
0.451576 -0.890779 0.0509092 21.3397 0.892218 0.451162 -0.0200036 42.5301 -0.00514945 0.0544552 0.998503 -0.626978
0.449397 -0.892058 0.0476887 22.1369 0.893279 0.449311 -0.0131038 44.1213 -0.00973772 0.0484882 0.998776 -0.607675
0.446833 -0.893417 0.0463341 22.9045 0.894566 0.446763 -0.0124542 45.6698 -0.00957354 0.0470139 0.998848 -0.603709
0.443999 -0.894838 0.0461467 23.6447 0.895959 0.444014 -0.0104684 47.1705 -0.0111223 0.0459935 0.99888 -0.593531
0.441352 -0.896151 0.0460699 24.3588 0.897225 0.441516 -0.00708298 48.6256 -0.0139932 0.0444612 0.998913 -0.586968
0.438432 -0.897612 0.0455043 25.0494 0.898532 0.438909 0.000528641 50.031 -0.0204467 0.0406552 0.998964 -0.575413
0.434839 -0.89983 0.0349554 26.0173 0.900499 0.434683 -0.0123373 52.0386 -0.00409308 0.036842 0.999313 -0.595381
0.432488 -0.901025 0.0333088 26.8901 0.901605 0.432503 -0.00712324 53.8729 -0.00798792 0.0331121 0.99942 -0.556739
0.432266 -0.900844 0.0403218 27.6881 0.901732 0.431576 -0.0249372 55.5608 0.00506261 0.047139 0.998875 -0.535121
0.442189 -0.896136 0.0375335 28.4181 0.896922 0.441826 -0.0179253 57.1112 -0.000519808 0.041591 0.999135 -0.492583
0.462783 -0.88525 0.0465246 29.1145 0.886426 0.462654 -0.014144 58.5435 -0.00900384 0.0477862 0.998817 -0.442242
0.531303 -0.8462 0.0407729 29.9948 0.847087 0.531348 -0.0106245 60.3142 -0.0126741 0.0401831 0.999112 -0.422807
0.642896 -0.764782 0.0423398 30.955 0.76569 0.643141 -0.00935881 61.9141 -0.020073 0.0384359 0.999059 -0.408864
0.785228 -0.61829 0.0336827 32.0876 0.618938 0.785329 -0.0132424 63.3205 -0.0182643 0.0312458 0.999345 -0.419363
0.91482 -0.40304 0.0257408 33.4231 0.403574 0.914716 -0.0205798 64.413 -0.015251 0.0292151 0.999457 -0.447222
0.994032 -0.106565 0.0233405 35.3483 0.107193 0.993856 -0.0275529 65.2054 -0.0202609 0.0298904 0.999348 -0.471768
0.989795 0.141807 0.0140391 37.3896 -0.141175 0.989224 -0.0388124 65.3643 -0.0193917 0.0364344 0.999148 -0.506396
0.955103 0.296243 0.00433365 39.4348 -0.296087 0.954916 -0.0216274 65.0264 -0.0105452 0.0193733 0.999757 -0.546068
0.927563 0.373162 -0.0194024 41.14 -0.373579 0.927218 -0.0265504 64.4722 0.00808263 0.0318755 0.999459 -0.615748
0.905277 0.424693 -0.0104738 42.9301 -0.424801 0.904713 -0.0322341 63.707 -0.00421382 0.0336301 0.999425 -0.583468
0.894223 0.447347 -0.015669 44.372 -0.447613 0.893451 -0.0372554 62.9922 -0.00266661 0.0403283 0.999183 -0.588386
0.886508 0.462289 -0.019793 45.9365 -0.462712 0.88563 -0.0394511 62.1754 -0.000708462 0.0441322 0.999025 -0.607093
0.881697 0.471346 -0.0210695 47.6146 -0.471813 0.880628 -0.0434411 61.2444 -0.00192138 0.0482428 0.998834 -0.619464
0.881805 0.47092 -0.0255704 49.4087 -0.471608 0.880221 -0.0528827 60.22 -0.00239589 0.0586914 0.998273 -0.633235
0.884978 0.464837 -0.0272256 50.6771 -0.46563 0.88321 -0.05594 59.4971 -0.00195705 0.0621827 0.998063 -0.644424
0.888532 0.458131 -0.0250437 52.0089 -0.45879 0.886585 -0.0589874 58.7623 -0.00482056 0.063902 0.997945 -0.642948
0.892223 0.45115 -0.0200719 53.3957 -0.451524 0.890406 -0.0574727 58.0158 -0.00805665 0.0603414 0.998145 -0.650009
0.895522 0.444506 -0.0213306 54.8232 -0.445 0.894023 -0.051948 57.2664 -0.00402118 0.0560127 0.998422 -0.66426
0.895989 0.443345 -0.025461 56.2828 -0.444051 0.895069 -0.0408761 56.517 0.00466711 0.0479305 0.99884 -0.685231
0.896003 0.443567 -0.0206901 57.741 -0.444044 0.895231 -0.0372409 55.7703 0.0020036 0.0425552 0.999092 -0.665998
0.896019 0.443632 -0.018473 59.197 -0.444016 0.895259 -0.0368831 55.0217 0.00017559 0.0412502 0.999149 -0.645802
0.895914 0.4439 -0.0170687 60.6495 -0.444228 0.895311 -0.0328648 54.2711 0.000693086 0.0370264 0.999314 -0.627946
0.89417 0.447466 -0.0153122 62.1023 -0.447725 0.893761 -0.0270831 53.5274 0.00156673 0.0310725 0.999516 -0.616114
0.890257 0.455356 -0.00965795 63.5501 -0.455452 0.889929 -0.0242825 52.7838 -0.00246227 0.0260164 0.999658 -0.593022
0.883907 0.467622 -0.00613247 64.9911 -0.467634 0.883633 -0.0225942 52.0266 -0.00514669 0.0228389 0.999726 -0.574386
0.874947 0.484156 -0.0077598 66.4159 -0.484206 0.8747 -0.0210641 51.2528 -0.00341083 0.0221873 0.999748 -0.567774
0.864539 0.502529 -0.00605519 67.8107 -0.502533 0.864287 -0.0216365 50.4633 -0.00563953 0.0217485 0.999748 -0.551937
0.853093 0.521721 -0.00630845 69.181 -0.521719 0.852816 -0.0226509 49.6481 -0.00643751 0.0226146 0.999724 -0.544963
0.841463 0.540258 -0.00784007 70.5171 -0.540295 0.841216 -0.0209053 48.813 -0.00469909 0.021827 0.999751 -0.541945
0.83047 0.55697 -0.0102527 71.8119 -0.557056 0.830219 -0.0206191 47.9636 -0.0029722 0.0228349 0.999735 -0.538053
0.8196 0.572822 -0.0114467 73.0625 -0.572931 0.819342 -0.0207364 47.1045 -0.00249948 0.0235538 0.999719 -0.529182
