0.470355 -0.881335 0.0448878 -0.687894 0.882417 0.470308 -0.0122518 -0.560993 -0.0103131 0.0453724 0.998917 -0.779563
0.472707 -0.880109 0.0442344 0.18355 0.881171 0.472611 -0.0132825 1.12552 -0.0092156 0.0452568 0.998933 -0.789809
0.474815 -0.879201 0.039453 1.07265 0.880086 0.474364 -0.0206884 2.83622 -0.000525802 0.0445452 0.999007 -0.809822
0.475203 -0.878676 0.0459444 1.96834 0.879854 0.474912 -0.0177468 4.55386 -0.00622585 0.0488577 0.998786 -0.796707
0.473493 -0.878918 0.0575226 2.87245 0.880738 0.473209 -0.0193203 6.28438 -0.0102393 0.0598103 0.998157 -0.788486
0.471032 -0.880366 0.0555339 3.78965 0.882114 0.470228 -0.0275712 8.03505 -0.00184091 0.0619741 0.998076 -0.811315
0.468369 -0.881795 0.0553833 4.73917 0.88353 0.467613 -0.0267024 9.86929 -0.00235194 0.0614394 0.998108 -0.767934
0.466163 -0.883022 0.0544487 5.6917 0.884676 0.465716 -0.0214 11.7219 -0.00646099 0.0581453 0.998287 -0.71413
0.464969 -0.883475 0.0572441 6.63095 0.88524 0.464858 -0.0160441 13.5595 -0.0124359 0.0581348 0.998231 -0.675429
0.46448 -0.884027 0.0524803 7.55434 0.885465 0.464573 -0.0111501 15.3846 -0.0145239 0.0516484 0.99856 -0.668797
0.464656 -0.884159 0.0485617 8.4677 0.885434 0.464553 -0.0140768 17.1948 -0.0101133 0.049539 0.998721 -0.676613
0.462676 -0.885061 0.0509718 9.37563 0.886456 0.462604 -0.0139179 18.9785 -0.0112616 0.0516237 0.998603 -0.662163
0.461652 -0.885766 0.047925 10.2697 0.887002 0.461572 -0.0133899 20.7525 -0.0102605 0.048691 0.998761 -0.654106
0.460744 -0.886444 0.0439574 11.155 0.887525 0.460391 -0.0184546 22.516 -0.00387861 0.0475161 0.998863 -0.660781
0.460051 -0.886503 0.0496616 12.0325 0.887837 0.45993 -0.014499 24.2601 -0.0099875 0.0507616 0.998661 -0.635341
0.459676 -0.886468 0.0536068 12.9015 0.888028 0.459502 -0.0162546 25.9914 -0.0102233 0.0550762 0.99843 -0.630038
0.458221 -0.886976 0.0575087 13.7722 0.888792 0.457902 -0.019378 27.7101 -0.00914552 0.0599926 0.998157 -0.630777
0.456443 -0.887277 0.0663372 14.6287 0.889555 0.456643 -0.0129904 29.4197 -0.0187664 0.06494 0.997713 -0.622728
0.454623 -0.888399 0.0637642 15.4763 0.89049 0.454851 -0.011728 31.1162 -0.0185841 0.0621132 0.997896 -0.639798
0.452777 -0.889923 0.0550451 16.3213 0.891613 0.452214 -0.0230023 32.7791 -0.00442185 0.0594938 0.998219 -0.673175
0.450683 -0.891322 0.0492887 17.1322 0.892649 0.450466 -0.0160583 34.3952 -0.00788978 0.0512347 0.998655 -0.662808
0.448312 -0.892631 0.0471756 17.9147 0.893833 0.448187 -0.013787 35.966 -0.00883683 0.048348 0.998791 -0.652654
0.445465 -0.894141 0.045538 18.6682 0.895242 0.445438 -0.011288 37.4897 -0.0101913 0.0457959 0.998899 -0.644751
0.442674 -0.895453 0.0469476 19.3957 0.896605 0.442716 -0.0100692 38.9692 -0.011768 0.0465508 0.998847 -0.636819
0.44017 -0.896702 0.0466611 20.0946 0.897725 0.44055 -0.00234263 40.4001 -0.0184559 0.04292 0.998908 -0.626646
0.43709 -0.898476 0.0411597 20.7716 0.899255 0.437423 -0.00100715 41.7786 -0.0170993 0.0374533 0.999152 -0.625094
0.43442 -0.900098 0.033219 21.7089 0.900709 0.434192 -0.0141707 43.7374 -0.00166842 0.0360767 0.999348 -0.640315
0.431347 -0.901525 0.0345311 22.555 0.90217 0.431249 -0.0106288 45.513 -0.00530935 0.0357376 0.999347 -0.59346
0.434801 -0.899694 0.0387128 23.3274 0.900507 0.434109 -0.0252235 47.157 0.00588783 0.0458284 0.998932 -0.570998
0.446771 -0.893601 0.0432836 24.0458 0.894637 0.446489 -0.0165159 48.662 -0.00456703 0.0461019 0.998926 -0.517012
0.475609 -0.87869 0.0412416 24.7238 0.879611 0.47554 -0.0120875 50.0705 -0.00899086 0.0420255 0.999076 -0.485387
0.555347 -0.830536 0.042439 25.6129 0.831484 0.555452 -0.0103624 51.7899 -0.0149664 0.0410421 0.999045 -0.46116
0.676468 -0.735278 0.0419187 26.6094 0.736167 0.676729 -0.00975215 53.3521 -0.0211971 0.0374562 0.999073 -0.454549
0.821139 -0.569871 0.0312704 27.7923 0.57046 0.821201 -0.0143161 54.6911 -0.017521 0.029594 0.999408 -0.474333
0.958446 -0.284036 0.0265466 29.5538 0.284565 0.958472 -0.0187994 55.872 -0.0201045 0.0255724 0.999471 -0.496051
0.99981 0.00287339 0.0192796 31.5522 -0.00246717 0.999775 -0.0210606 56.4014 -0.0193358 0.021009 0.999592 -0.536135
0.977159 0.212206 0.0113329 33.592 -0.211578 0.976482 -0.0414455 56.3387 -0.0198613 0.0381011 0.999076 -0.56706
0.947717 0.319112 0.00020058 35.2386 -0.318998 0.947396 -0.0260875 55.9754 -0.00851487 0.0246596 0.99966 -0.596329
0.921666 0.387748 -0.0135431 36.9678 -0.387976 0.921322 -0.025317 55.365 0.00266095 0.0285882 0.999588 -0.649407
0.90074 0.434173 -0.0126964 38.7908 -0.434343 0.900082 -0.034616 54.5454 -0.00360155 0.0366946 0.99932 -0.630451
0.891582 0.452524 -0.0174381 40.2673 -0.452857 0.890778 -0.0378808 53.7953 -0.00160847 0.0416709 0.99913 -0.640757
0.884843 0.465436 -0.0205434 41.8705 -0.465888 0.883896 -0.0409282 52.9393 -0.000891208 0.045786 0.998951 -0.657763
0.880979 0.472595 -0.023027 43.5913 -0.473151 0.879704 -0.0474312 51.9781 -0.0021588 0.0526811 0.998609 -0.668432
0.883242 0.468139 -0.026996 45.4261 -0.468913 0.881531 -0.0549967 50.9269 -0.00194831 0.0612341 0.998122 -0.684791
0.886737 0.461522 -0.0263509 46.7264 -0.462261 0.88484 -0.0580813 50.1957 -0.00348948 0.0636838 0.997964 -0.689277
0.890399 0.454662 -0.0217344 48.0882 -0.455128 0.888551 -0.0577641 49.4528 -0.00695101 0.061325 0.998094 -0.691577
0.89402 0.447599 -0.0195872 49.4955 -0.44797 0.892349 -0.0551001 48.7042 -0.00718413 0.058035 0.998289 -0.70258
0.896141 0.443115 -0.0240958 50.9419 -0.443766 0.895036 -0.0445313 47.9549 0.00183413 0.0505992 0.998717 -0.724278
0.896023 0.443331 -0.0245009 52.4033 -0.443981 0.895203 -0.0386304 47.2066 0.00480727 0.0454917 0.998953 -0.725802
0.895933 0.443715 -0.0205107 53.8606 -0.444187 0.89512 -0.0381909 46.4613 0.0014137 0.043327 0.99906 -0.701805
0.895879 0.443949 -0.0175886 55.3139 -0.444298 0.895178 -0.0354378 45.7086 1.23307e-05 0.0395625 0.999217 -0.67995
0.895385 0.44498 -0.0166971 56.766 -0.445289 0.894894 -0.0296906 44.9616 0.00173043 0.0340195 0.99942 -0.669243
0.892456 0.45095 -0.0129044 58.2167 -0.451135 0.892101 -0.0251861 44.2195 0.000154297 0.0282991 0.9996 -0.652266
0.887362 0.461026 -0.00659422 59.6619 -0.461047 0.887069 -0.0233331 43.4709 -0.00490765 0.0237452 0.999706 -0.627461
0.879798 0.4753 -0.00676372 61.0958 -0.47533 0.87955 -0.0212999 42.707 -0.00417478 0.0219546 0.99975 -0.61727
0.869927 0.493121 -0.00770001 62.5082 -0.493163 0.869657 -0.0220491 41.924 -0.00417651 0.0229785 0.999727 -0.605914
0.858859 0.512176 -0.00605883 63.8906 -0.512172 0.858585 -0.0226316 41.1227 -0.00638934 0.0225405 0.999726 -0.59356
0.847244 0.531158 -0.00699735 65.243 -0.531173 0.846976 -0.0220824 40.2972 -0.00580264 0.0224259 0.999732 -0.588602
0.8358 0.548958 -0.00914622 66.5609 -0.549021 0.835554 -0.0206241 39.4536 -0.00367962 0.0222591 0.999745 -0.586802
0.825038 0.56497 -0.0110119 67.8321 -0.565071 0.824785 -0.0205986 38.5976 -0.00255515 0.0232172 0.999727 -0.579279
0.81454 0.579983 -0.0120029 69.061 -0.5801 0.814255 -0.0217224 37.736 -0.0028252 0.0246567 0.999692 -0.568639
0.806892 0.590575 -0.0120988 70.2401 -0.590669 0.806475 -0.0266358 36.8721 -0.00597302 0.0286386 0.999572 -0.54831
0.802629 0.596354 -0.0122016 71.3791 -0.596402 0.80203 -0.0324282 36.0137 -0.00955266 0.0333049 0.9994 -0.534205
0.800878 0.598703 -0.0121632 72.4672 -0.598738 0.800243 -0.0335298 35.1788 -0.0103409 0.0341359 0.999364 -0.52969
0.80569 0.592124 -0.0158731 73.9918 -0.592292 0.805013 -0.0338303 33.9942 -0.00725372 0.0366583 0.999302 -0.529368
0.823975 0.566421 -0.0152718 75.3735 -0.566596 0.823353 -0.0325355 32.9353 -0.00585468 0.0354614 0.999354 -0.521112
0.856875 0.515193 -0.0184877 76.6605 -0.515521 0.856446 -0.0271655 32.0151 0.00183825 0.0328083 0.99946 -0.51464
0.90288 0.429628 -0.0150792 77.9278 -0.429888 0.902479 -0.0269881 31.1927 0.00201383 0.0308494 0.999522 -0.494834
0.9669 0.2551 0.00532389 79.6314 -0.254877 0.96661 -0.0265179 30.3238 -0.0119108 0.0242832 0.999634 -0.442076
0.99995 0.00994876 -0.000300622 81.356 -0.00995317 0.999326 -0.035334 29.8009 -5.11106e-05 0.0353353 0.999376 -0.439338
0.965746 -0.259484 -0.00140068 83.0721 0.259269 0.965139 -0.0358503 29.7269 0.0106545 0.0342592 0.999356 -0.438491
0.865909 -0.499485 0.0267677 84.6988 0.500106 0.865552 -0.0267272 30.1282 -0.00981896 0.03653 0.999284 -0.367084
0.756854 -0.652961 0.028535 86.2314 0.653363 0.757012 -0.00705536 31.0366 -0.0169944 0.0239836 0.999568 -0.365824
0.706971 -0.706428 0.0339274 87.3162 0.707073 0.707039 -0.0120184 31.9697 -0.0154979 0.0324858 0.999352 -0.380691
0.685753 -0.727506 0.0218294 88.4039 0.727706 0.685887 -0.00181654 33.0505 -0.013651 0.0171311 0.99976 -0.421419
0.684501 -0.728918 0.0116872 89.5357 0.728995 0.684507 -0.00411666 34.2499 -0.00499924 0.0113377 0.999923 -0.440458
0.693806 -0.720153 0.00348233 90.7422 0.720132 0.693725 -0.012473 35.5358 0.00656673 0.0111616 0.999916 -0.465409
0.704191 -0.709885 0.0133658 92.0261 0.709969 0.704229 -0.00238451 36.8735 -0.00771989 0.0111685 0.999908 -0.429304
0.709454 -0.704378 0.0229716 93.4051 0.704661 0.709509 -0.00707135 38.264 -0.0113177 0.021204 0.999711 -0.424624
0.70722 -0.706918 0.0103293 94.8716 0.706958 0.706964 -0.0203084 39.7185 0.00705391 0.0216649 0.99974 -0.464157
0.70233 -0.711453 0.0238044 96.3942 0.711771 0.702361 -0.00842893 41.2363 -0.0107225 0.0228632 0.999681 -0.423591
0.699562 -0.714419 0.0148105 97.4458 0.714548 0.699558 -0.00629036 42.3037 -0.00586685 0.0149833 0.999871 -0.440214
0.693973 -0.719934 0.00982481 98.5262 0.719995 0.693847 -0.0135693 43.4046 0.00295205 0.0164905 0.99986 -0.460398
0.688609 -0.724954 0.0161012 99.6232 0.725133 0.688437 -0.0154064 44.5387 8.42791e-05 0.0222845 0.999752 -0.444717
0.686053 -0.727202 0.0225329 100.747 0.727531 0.685937 -0.0137663 45.7209 -0.00544522 0.0258378 0.999651 -0.428316
0.68509 -0.727941 0.0274485 101.89 0.728413 0.684981 -0.0146853 46.934 -0.00811164 0.0300546 0.999515 -0.421607
0.685851 -0.727544 0.0169825 103.049 0.727735 0.68576 -0.0115981 48.1673 -0.00320782 0.0203134 0.999789 -0.43594
0.688205 -0.725496 0.005416 104.22 0.725512 0.688207 -0.00194587 49.4123 -0.00231561 0.00526854 0.999983 -0.445123
0.692382 -0.721521 0.00379957 105.401 0.721517 0.692392 0.00259837 50.6673 -0.00450557 0.000942391 0.999989 -0.435941
0.694632 -0.719322 0.00786437 106.601 0.719362 0.694621 -0.00450124 51.9403 -0.00222491 0.00878403 0.999959 -0.445895
0.696031 -0.717877 0.0139127 107.807 0.718009 0.695953 -0.0106057 53.206 -0.00206906 0.0173713 0.999847 -0.44534
0.697434 -0.71651 0.0141203 109.01 0.716593 0.697491 -0.0011846 54.4631 -0.00900003 0.0109447 0.9999 -0.444331
0.699033 -0.714989 0.0119872 110.21 0.71503 0.699093 0.00120704 55.6949 -0.00924317 0.00772743 0.999927 -0.438296
0.699073 -0.715038 0.00425492 111.42 0.714889 0.698776 -0.0254298 56.9099 0.01521 0.020819 0.999668 -0.452693
0.697582 -0.716093 0.0243055 112.607 0.716403 0.697653 -0.00679066 58.0991 -0.0120941 0.0221496 0.999682 -0.380739
0.696022 -0.717316 0.0318154 113.79 0.717579 0.696464 0.00421454 59.2857 -0.0251814 0.0198966 0.999485 -0.354891
0.694563 -0.719327 0.0122598 114.98 0.719432 0.694471 -0.0113487 60.4727 -0.000350624 0.0167024 0.99986 -0.432915
0.691278 -0.722404 0.0163671 116.144 0.722586 0.691164 -0.0126911 61.6523 -0.00214424 0.0205997 0.999785 -0.426732
0.685203 -0.728209 0.0144464 117.288 0.72835 0.685016 -0.0161055 62.8303 0.00183218 0.0215576 0.999766 -0.458539
0.681164 -0.732106 0.00597701 118.416 0.732126 0.681107 -0.00923309 64.0116 0.00268862 0.0106652 0.99994 -0.477803
0.678745 -0.734312 0.00955699 119.534 0.734361 0.678753 -0.00286709 65.1945 -0.0043815 0.0089643 0.99995 -0.469165
0.675919 -0.736903 0.0103575 120.644 0.736975 0.675878 -0.0075737 66.3837 -0.00141932 0.0127524 0.999918 -0.474895
0.667804 -0.744209 0.0138126 121.741 0.744329 0.667595 -0.0170605 67.5681 0.00347536 0.0216742 0.999759 -0.484065
0.658074 -0.752593 0.0233195 122.815 0.752892 0.6581 -0.00759114 68.7631 -0.00963352 0.0225526 0.999699 -0.454881
0.651582 -0.758048 0.0283503 123.862 0.758247 0.651947 0.00518791 69.9782 -0.0224156 0.0181162 0.999585 -0.44906
0.643014 -0.765648 0.0177858 124.909 0.765818 0.643037 -0.00511064 71.2083 -0.007524 0.0169069 0.999829 -0.496115
0.632857 -0.774059 0.01802 125.949 0.774268 0.632717 -0.0133518 72.4534 -0.00106649 0.0224021 0.999748 -0.519416
0.620632 -0.784038 0.00997504 126.979 0.784092 0.620639 -0.0028031 73.7108 -0.00399316 0.00956104 0.999946 -0.519328
0.605971 -0.795473 0.00470417 127.999 0.795474 0.605918 -0.00922874 74.9822 0.00449087 0.00933439 0.999946 -0.544756
0.593197 -0.80503 0.00666376 128.987 0.805049 0.593209 -0.000248526 76.2774 -0.00375293 0.00551208 0.999978 -0.541281
0.580526 -0.814182 0.00983437 129.947 0.81413 0.580604 0.00953577 77.5956 -0.0134737 0.00247069 0.999906 -0.531625
0.571676 -0.82041 0.0106715 130.893 0.820361 0.571766 0.00956622 78.9354 -0.0139498 0.00328572 0.999897 -0.541088
0.565008 -0.825073 -0.00452371 131.829 0.825082 0.564983 0.00579257 80.2934 -0.00222347 -0.00700528 0.999973 -0.576757
0.560148 -0.828373 -0.00564981 132.745 0.828381 0.56009 0.00917619 81.6632 -0.00443691 -0.00982022 0.999942 -0.591211
0.555618 -0.831437 0.000869289 133.653 0.831144 0.555449 0.0259874 83.0363 -0.0220897 -0.0137166 0.999662 -0.581668
0.547381 -0.836863 0.00587256 134.558 0.8368 0.547412 0.010241 84.4157 -0.0117851 -0.000691595 0.99993 -0.619441
0.535789 -0.84434 0.00444829 135.454 0.844331 0.535806 0.00420364 85.7959 -0.00593272 0.00150356 0.999981 -0.662364
0.523255 -0.852052 0.0145616 136.331 0.852032 0.523404 0.00947309 87.1894 -0.0156932 0.00745009 0.999849 -0.663629
0.513126 -0.857875 0.0274054 137.198 0.858105 0.513444 0.00562596 88.6176 -0.0188975 0.0206299 0.999609 -0.678774
0.50193 -0.86441 0.0293538 138.054 0.864902 0.50177 -0.0131148 90.0641 -0.00339232 0.0319708 0.999483 -0.724853
0.490397 -0.870663 0.0381736 138.896 0.871493 0.490094 -0.017566 91.5115 -0.00341456 0.0418824 0.999117 -0.735031
0.48122 -0.875902 0.034975 139.714 0.876238 0.481785 0.00951654 92.9748 -0.025186 0.0260668 0.999343 -0.718956
0.476257 -0.878851 0.0282961 140.518 0.879208 0.476438 -0.00039704 94.4697 -0.0131324 0.0250673 0.9996 -0.770743
0.472137 -0.88144 0.0122765 141.32 0.881525 0.472084 -0.00712378 95.9742 0.000483649 0.0141854 0.999899 -0.819815
0.469338 -0.882696 0.0238591 142.115 0.882938 0.469489 0.000847983 97.4748 -0.0119501 0.0206681 0.999715 -0.800473
0.468125 -0.883287 0.0257408 142.909 0.883499 0.4684 0.00557385 98.992 -0.0169803 0.0201327 0.999653 -0.796178
0.464611 -0.885132 0.0260385 143.709 0.885513 0.464342 -0.0159307 100.516 0.00201002 0.0304591 0.999534 -0.828995
0.461605 -0.886414 0.0345152 144.502 0.887081 0.461121 -0.0213562 102.031 0.00301472 0.0404759 0.999176 -0.818814
0.458797 -0.887845 0.0351577 145.28 0.888458 0.458935 -0.00449935 103.531 -0.0121404 0.0333004 0.999372 -0.783135
0.457977 -0.888394 0.0318442 146.057 0.888962 0.45776 -0.0142294 105.034 -0.00193572 0.034825 0.999392 -0.803958
0.457329 -0.888966 0.0242709 146.823 0.889287 0.457288 -0.00757022 106.529 -0.00436913 0.0250459 0.999677 -0.803706
0.456219 -0.889613 0.0212938 147.584 0.889808 0.456335 0.000703572 108.012 -0.010343 0.0186264 0.999773 -0.795816
0.455233 -0.890187 0.018143 148.331 0.890336 0.455305 -0.000228061 109.498 -0.00805758 0.0162572 0.999835 -0.804864
0.453264 -0.891295 0.0120439 149.066 0.891376 0.453239 -0.00490018 110.962 -0.00109125 0.0129567 0.999915 -0.829416
0.45846 -0.888643 0.0113016 149.706 0.888715 0.45842 -0.00605512 112.236 0.000199948 0.0128199 0.999918 -0.844233
0.463816 -0.885869 0.0105873 150.344 0.885931 0.463762 -0.00722453 113.506 0.00148998 0.0127305 0.999918 -0.859011
0.469153 -0.883062 0.00985946 150.982 0.883113 0.469086 -0.0083854 114.776 0.00277989 0.0126411 0.999916 -0.873787
