0.47876 -0.876917 0.0424876 -0.691423 0.877945 0.47813 -0.0245935 -0.545059 0.00125186 0.0490762 0.998794 -0.787702
0.475787 -0.878767 0.0373612 0.127267 0.879555 0.475207 -0.0236946 1.02676 0.00306772 0.0441348 0.999021 -0.785256
0.472985 -0.880207 0.0389866 0.956181 0.88107 0.47252 -0.0209823 2.62419 4.68288e-05 0.0442742 0.999019 -0.770962
0.470427 -0.881564 0.0392756 1.79479 0.882439 0.469951 -0.0211778 4.24533 0.000211995 0.0446209 0.999004 -0.766476
0.46874 -0.882378 0.0411373 2.64046 0.883336 0.46823 -0.0218628 5.88409 2.9536e-05 0.0465861 0.998914 -0.760285
0.469173 -0.882071 0.0427563 3.49246 0.883074 0.469022 -0.014121 7.53929 -0.00759794 0.0443821 0.998986 -0.739183
0.471591 -0.880638 0.0455982 4.35519 0.881743 0.471593 -0.0113917 9.21561 -0.0114718 0.0455781 0.998895 -0.735046
0.47367 -0.879757 0.040805 5.23718 0.880693 0.473372 -0.0172808 10.9153 -0.00411306 0.044122 0.999018 -0.756286
0.475492 -0.878719 0.0419481 6.1291 0.879719 0.475028 -0.0210462 12.6314 -0.00143283 0.0469099 0.998898 -0.759802
0.47434 -0.878874 0.0508071 7.02844 0.880281 0.474194 -0.0156743 14.3531 -0.0103167 0.0521595 0.998585 -0.742345
0.472249 -0.879541 0.0582127 7.94034 0.881443 0.471676 -0.0240799 16.0933 -0.0062783 0.0626829 0.998014 -0.754332
0.469382 -0.881327 0.0542619 8.8663 0.882995 0.468511 -0.0285733 17.8683 -0.000239857 0.0613248 0.998118 -0.75875
0.46733 -0.882422 0.0541713 9.82586 0.884066 0.466819 -0.0225213 19.7303 -0.00541485 0.0584159 0.998278 -0.69341
0.465182 -0.883514 0.0548641 10.7728 0.885173 0.464869 -0.0191023 21.5754 -0.00862748 0.0574503 0.998311 -0.650412
0.464462 -0.884002 0.0530558 11.7041 0.885481 0.464523 -0.0119172 23.4062 -0.0141108 0.052515 0.99852 -0.626487
0.464405 -0.884098 0.0519438 12.6224 0.88553 0.464409 -0.0127403 25.227 -0.0128595 0.0519145 0.998569 -0.627218
0.463877 -0.884576 0.0484167 13.5322 0.885846 0.463759 -0.0143264 27.0246 -0.0097809 0.0495354 0.998724 -0.624346
0.461876 -0.885461 0.0512738 14.4344 0.886861 0.461855 -0.0129618 28.8031 -0.0122039 0.0514595 0.998601 -0.60803
0.46115 -0.886186 0.0448973 15.3217 0.887308 0.46084 -0.017652 30.5729 -0.00504749 0.0479779 0.998836 -0.614534
0.46039 -0.886536 0.0457695 16.2062 0.88769 0.460167 -0.0159132 32.3262 -0.00695395 0.0479554 0.998825 -0.600213
0.459775 -0.88655 0.0513489 17.0783 0.887967 0.459688 -0.0142096 34.0643 -0.011007 0.0521293 0.99858 -0.584214
0.459269 -0.886546 0.0557554 17.9492 0.888257 0.458942 -0.0192972 35.7911 -0.00848064 0.0583878 0.998258 -0.585974
0.457127 -0.887231 0.0620957 18.8134 0.889301 0.457009 -0.0169247 37.501 -0.0133622 0.0629585 0.997927 -0.579094
0.45587 -0.887576 0.0662705 19.6607 0.889798 0.456238 -0.0103489 39.2075 -0.0210497 0.0636851 0.997748 -0.582171
0.45357 -0.889288 0.0586656 20.5114 0.891159 0.45333 -0.0181037 40.8891 -0.0104955 0.0604917 0.998114 -0.61487
0.451576 -0.890779 0.0509092 21.3397 0.892218 0.451162 -0.0200036 42.5301 -0.00514945 0.0544552 0.998503 -0.626978
0.449397 -0.892058 0.0476887 22.1369 0.893279 0.449311 -0.0131038 44.1213 -0.00973772 0.0484882 0.998776 -0.607675
0.446833 -0.893417 0.0463341 22.9045 0.894566 0.446763 -0.0124542 45.6698 -0.00957354 0.0470139 0.998848 -0.603709
0.443999 -0.894838 0.0461467 23.6447 0.895959 0.444014 -0.0104684 47.1705 -0.0111223 0.0459935 0.99888 -0.593531
0.441352 -0.896151 0.0460699 24.3588 0.897225 0.441516 -0.00708298 48.6256 -0.0139932 0.0444612 0.998913 -0.586968
0.438432 -0.897612 0.0455043 25.0494 0.898532 0.438909 0.000528641 50.031 -0.0204467 0.0406552 0.998964 -0.575413
0.434839 -0.89983 0.0349554 26.0173 0.900499 0.434683 -0.0123373 52.0386 -0.00409308 0.036842 0.999313 -0.595381
0.432488 -0.901025 0.0333088 26.8901 0.901605 0.432503 -0.00712324 53.8729 -0.00798792 0.0331121 0.99942 -0.556739
0.432266 -0.900844 0.0403218 27.6881 0.901732 0.431576 -0.0249372 55.5608 0.00506261 0.047139 0.998875 -0.535121
0.442189 -0.896136 0.0375335 28.4181 0.896922 0.441826 -0.0179253 57.1112 -0.000519808 0.041591 0.999135 -0.492583
0.462783 -0.88525 0.0465246 29.1145 0.886426 0.462654 -0.014144 58.5435 -0.00900384 0.0477862 0.998817 -0.442242
0.531303 -0.8462 0.0407729 29.9948 0.847087 0.531348 -0.0106245 60.3142 -0.0126741 0.0401831 0.999112 -0.422807
0.642896 -0.764782 0.0423398 30.955 0.76569 0.643141 -0.00935881 61.9141 -0.020073 0.0384359 0.999059 -0.408864
0.785228 -0.61829 0.0336827 32.0876 0.618938 0.785329 -0.0132424 63.3205 -0.0182643 0.0312458 0.999345 -0.419363
0.91482 -0.40304 0.0257408 33.4231 0.403574 0.914716 -0.0205798 64.413 -0.015251 0.0292151 0.999457 -0.447222
0.994032 -0.106565 0.0233405 35.3483 0.107193 0.993856 -0.0275529 65.2054 -0.0202609 0.0298904 0.999348 -0.471768
0.989795 0.141807 0.0140391 37.3896 -0.141175 0.989224 -0.0388124 65.3643 -0.0193917 0.0364344 0.999148 -0.506396
0.955103 0.296243 0.00433365 39.4348 -0.296087 0.954916 -0.0216274 65.0264 -0.0105452 0.0193733 0.999757 -0.546068
0.927563 0.373162 -0.0194024 41.14 -0.373579 0.927218 -0.0265504 64.4722 0.00808263 0.0318755 0.999459 -0.615748
0.905277 0.424693 -0.0104738 42.9301 -0.424801 0.904713 -0.0322341 63.707 -0.00421382 0.0336301 0.999425 -0.583468
0.894223 0.447347 -0.015669 44.372 -0.447613 0.893451 -0.0372554 62.9922 -0.00266661 0.0403283 0.999183 -0.588386
0.886508 0.462289 -0.019793 45.9365 -0.462712 0.88563 -0.0394511 62.1754 -0.000708462 0.0441322 0.999025 -0.607093
0.881697 0.471346 -0.0210695 47.6146 -0.471813 0.880628 -0.0434411 61.2444 -0.00192138 0.0482428 0.998834 -0.619464
0.881805 0.47092 -0.0255704 49.4087 -0.471608 0.880221 -0.0528827 60.22 -0.00239589 0.0586914 0.998273 -0.633235
0.884978 0.464837 -0.0272256 50.6771 -0.46563 0.88321 -0.05594 59.4971 -0.00195705 0.0621827 0.998063 -0.644424
0.888532 0.458131 -0.0250437 52.0089 -0.45879 0.886585 -0.0589874 58.7623 -0.00482056 0.063902 0.997945 -0.642948
0.892223 0.45115 -0.0200719 53.3957 -0.451524 0.890406 -0.0574727 58.0158 -0.00805665 0.0603414 0.998145 -0.650009
0.895522 0.444506 -0.0213306 54.8232 -0.445 0.894023 -0.051948 57.2664 -0.00402118 0.0560127 0.998422 -0.66426
0.895989 0.443345 -0.025461 56.2828 -0.444051 0.895069 -0.0408761 56.517 0.00466711 0.0479305 0.99884 -0.685231
0.896003 0.443567 -0.0206901 57.741 -0.444044 0.895231 -0.0372409 55.7703 0.0020036 0.0425552 0.999092 -0.665998
0.896019 0.443632 -0.018473 59.197 -0.444016 0.895259 -0.0368831 55.0217 0.00017559 0.0412502 0.999149 -0.645802
0.895914 0.4439 -0.0170687 60.6495 -0.444228 0.895311 -0.0328648 54.2711 0.000693086 0.0370264 0.999314 -0.627946
0.89417 0.447466 -0.0153122 62.1023 -0.447725 0.893761 -0.0270831 53.5274 0.00156673 0.0310725 0.999516 -0.616114
0.890257 0.455356 -0.00965795 63.5501 -0.455452 0.889929 -0.0242825 52.7838 -0.00246227 0.0260164 0.999658 -0.593022
0.883907 0.467622 -0.00613247 64.9911 -0.467634 0.883633 -0.0225942 52.0266 -0.00514669 0.0228389 0.999726 -0.574386
0.874947 0.484156 -0.0077598 66.4159 -0.484206 0.8747 -0.0210641 51.2528 -0.00341083 0.0221873 0.999748 -0.567774
0.864539 0.502529 -0.00605519 67.8107 -0.502533 0.864287 -0.0216365 50.4633 -0.00563953 0.0217485 0.999748 -0.551937
0.853093 0.521721 -0.00630845 69.181 -0.521719 0.852816 -0.0226509 49.6481 -0.00643751 0.0226146 0.999724 -0.544963
0.841463 0.540258 -0.00784007 70.5171 -0.540295 0.841216 -0.0209053 48.813 -0.00469909 0.021827 0.999751 -0.541945
0.83047 0.55697 -0.0102527 71.8119 -0.557056 0.830219 -0.0206191 47.9636 -0.0029722 0.0228349 0.999735 -0.538053
0.8196 0.572822 -0.0114467 73.0625 -0.572931 0.819342 -0.0207364 47.1045 -0.00249948 0.0235538 0.999719 -0.529182
0.810108 0.586162 -0.0118226 74.2673 -0.586266 0.809777 -0.0235274 46.2396 -0.00421719 0.025991 0.999653 -0.514165
0.804427 0.593925 -0.0122685 75.4249 -0.593998 0.803901 -0.0301643 45.3772 -0.00805271 0.0315524 0.99947 -0.493712
0.800878 0.598703 -0.0121632 77.077 -0.598738 0.800243 -0.0335298 44.1151 -0.0103409 0.0341359 0.999364 -0.48374
0.80569 0.592124 -0.0158731 78.6016 -0.592292 0.805013 -0.0338303 42.9305 -0.00725372 0.0366583 0.999302 -0.483417
0.823975 0.566421 -0.0152718 79.9833 -0.566596 0.823353 -0.0325355 41.8716 -0.00585468 0.0354614 0.999354 -0.475161
0.856875 0.515193 -0.0184877 81.2703 -0.515521 0.856446 -0.0271655 40.9513 0.00183825 0.0328083 0.99946 -0.468689
0.90288 0.429628 -0.0150792 82.5376 -0.429888 0.902479 -0.0269881 40.129 0.00201383 0.0308494 0.999522 -0.448883
0.9669 0.2551 0.00532389 84.2412 -0.254877 0.96661 -0.0265179 39.26 -0.0119108 0.0242832 0.999634 -0.396125
0.99995 0.00994876 -0.000300622 85.9658 -0.00995317 0.999326 -0.035334 38.7372 -5.11106e-05 0.0353353 0.999376 -0.393388
0.965746 -0.259484 -0.00140068 87.6819 0.259269 0.965139 -0.0358503 38.6632 0.0106545 0.0342592 0.999356 -0.392542
0.865909 -0.499485 0.0267677 89.3086 0.500106 0.865552 -0.0267272 39.0645 -0.00981896 0.03653 0.999284 -0.321138
0.756854 -0.652961 0.028535 90.8412 0.653363 0.757012 -0.00705536 39.9729 -0.0169944 0.0239836 0.999568 -0.31988
0.706971 -0.706428 0.0339274 91.926 0.707073 0.707039 -0.0120184 40.906 -0.0154979 0.0324858 0.999352 -0.334749
0.685753 -0.727506 0.0218294 93.0137 0.727706 0.685887 -0.00181654 41.9868 -0.013651 0.0171311 0.99976 -0.375479
0.684501 -0.728918 0.0116872 94.1455 0.728995 0.684507 -0.00411666 43.1862 -0.00499924 0.0113377 0.999923 -0.394521
0.693806 -0.720153 0.00348233 95.352 0.720132 0.693725 -0.012473 44.4721 0.00656673 0.0111616 0.999916 -0.419475
0.704191 -0.709885 0.0133658 96.6359 0.709969 0.704229 -0.00238451 45.8098 -0.00771989 0.0111685 0.999908 -0.383373
0.709454 -0.704378 0.0229716 98.0149 0.704661 0.709509 -0.00707135 47.2003 -0.0113177 0.021204 0.999711 -0.378695
0.70722 -0.706918 0.0103293 99.4813 0.706958 0.706964 -0.0203084 48.6548 0.00705391 0.0216649 0.99974 -0.418232
0.704183 -0.709733 0.0201078 100.489 0.710008 0.704045 -0.0145014 49.6596 -0.00386466 0.0244883 0.999693 -0.393598
0.700944 -0.712892 0.0214983 101.526 0.713139 0.700993 -0.00641424 50.7003 -0.0104975 0.0198273 0.999748 -0.380049
0.696953 -0.717032 0.0110269 102.593 0.717117 0.69688 -0.0100879 51.7861 -0.000451135 0.0149384 0.999888 -0.407848
0.691222 -0.72254 0.0121354 103.683 0.722641 0.691088 -0.0136884 52.9036 0.00150381 0.0182312 0.999833 -0.408585
0.687198 -0.726226 0.0188212 104.79 0.726465 0.687063 -0.0139343 54.0569 -0.00281182 0.0232486 0.999726 -0.388377
0.685563 -0.727505 0.0271902 105.925 0.727981 0.685404 -0.0162782 55.2615 -0.00679377 0.0309537 0.999498 -0.378068
0.685423 -0.727777 0.023155 107.077 0.728117 0.685329 -0.0130141 56.4844 -0.00639745 0.0257797 0.999647 -0.380945
0.686371 -0.727177 0.0104586 108.244 0.72725 0.686332 -0.00750941 57.7222 -0.00171738 0.0127602 0.999917 -0.398469
0.690577 -0.723245 0.00446198 109.417 0.723241 0.69059 0.00274351 58.976 -0.00506563 0.00133249 0.999986 -0.391805
0.693881 -0.720087 0.00212808 110.609 0.720089 0.693882 -0.000241069 60.2362 -0.00130305 0.00169968 0.999998 -0.396531
0.694963 -0.718934 0.0126905 111.815 0.719043 0.694902 -0.00940494 61.5104 -0.00205712 0.0156611 0.999875 -0.399924
0.69677 -0.717185 0.0124996 113.02 0.717284 0.696748 -0.00677134 62.772 -0.00385278 0.0136838 0.999899 -0.401676
0.698126 -0.715824 0.0147356 114.221 0.715817 0.698256 0.00666173 64.0186 -0.0150578 0.00589725 0.999869 -0.390482
0.699367 -0.714727 0.00723416 115.425 0.714751 0.699261 -0.0128605 65.241 0.0041332 0.0141649 0.999891 -0.402338
0.698477 -0.715581 0.00858147 116.628 0.71557 0.698206 -0.021655 66.4434 0.00950426 0.0212661 0.999729 -0.384652
0.69641 -0.716738 0.0360447 117.806 0.717021 0.69702 0.00665491 67.6261 -0.0298937 0.0212102 0.999328 -0.29267
0.695343 -0.718456 0.0178425 118.998 0.718615 0.695397 -0.00402015 68.8169 -0.00951933 0.0156173 0.999833 -0.356299
0.69323 -0.720578 0.0141673 120.177 0.720716 0.69306 -0.0154123 69.998 0.00128698 0.0208949 0.999781 -0.386839
0.688727 -0.724847 0.0158989 121.326 0.725021 0.688577 -0.0143967 71.1801 -0.000512245 0.0214424 0.99977 -0.394003
0.682838 -0.730477 0.0116523 122.461 0.730569 0.682732 -0.0120479 72.3554 0.000845297 0.0167395 0.99986 -0.418132
0.679785 -0.73339 0.00566232 123.586 0.733412 0.679761 -0.00564846 73.5399 0.000293494 0.00799254 0.999968 -0.430631
0.677787 -0.735179 0.0108313 124.7 0.735242 0.677798 -0.00319477 74.7229 -0.00499272 0.010129 0.999936 -0.422549
0.67263 -0.739878 0.0122389 125.803 0.739977 0.672505 -0.013072 75.9088 0.00144101 0.0178491 0.99984 -0.436425
0.662767 -0.748632 0.0170242 126.891 0.748825 0.662619 -0.0140089 77.1016 -0.000793001 0.0220328 0.999757 -0.427974
0.654757 -0.75519 0.0313371 127.947 0.755615 0.655011 -0.00277064 78.3077 -0.0184338 0.0254929 0.999505 -0.39749
0.648257 -0.761066 0.0232722 128.993 0.761216 0.648489 0.00341784 79.5302 -0.017693 0.0154996 0.999723 -0.422366
0.638001 -0.769857 0.0166 130.04 0.770035 0.637877 -0.0126267 80.7663 -0.000867981 0.0208385 0.999783 -0.471229
0.626805 -0.779033 0.0149329 131.077 0.779161 0.626798 -0.00574879 82.0143 -0.00488139 0.0152385 0.999872 -0.467671
0.612843 -0.790189 0.00497913 132.104 0.790203 0.612817 -0.00588058 83.2798 0.00159548 0.0075384 0.99997 -0.487786
0.599514 -0.800345 0.0055015 133.109 0.800358 0.599469 -0.00800286 84.5636 0.00310708 0.009201 0.999953 -0.500144
0.586693 -0.809777 0.00725844 134.08 0.809753 0.586734 0.00653431 85.8714 -0.00955011 0.00204391 0.999952 -0.489047
0.575301 -0.817871 0.0107751 135.033 0.817804 0.575396 0.0108311 87.1972 -0.0150584 0.00258079 0.999883 -0.488898
0.567989 -0.823026 0.00414074 135.975 0.822999 0.568004 0.00666528 88.5492 -0.00783765 -0.000377984 0.999969 -0.51122
0.562721 -0.826615 -0.00720149 136.895 0.826646 0.562714 0.00325178 89.9159 0.00136441 -0.00778292 0.999969 -0.545752
0.558343 -0.829606 -0.00260226 137.809 0.829496 0.558211 0.0183834 91.2874 -0.0137984 -0.0124228 0.999828 -0.540593
0.551682 -0.834054 0.00150744 138.716 0.833812 0.551564 0.0231117 92.6604 -0.0201078 -0.0114934 0.999732 -0.550607
0.541632 -0.840588 0.00687135 139.619 0.840604 0.541649 0.000862522 94.0424 -0.00444689 0.00530891 0.999976 -0.602219
0.52955 -0.848236 0.00854955 140.501 0.848209 0.529609 0.00751003 95.4274 -0.0108982 0.00327486 0.999935 -0.617043
0.518324 -0.854876 0.0229665 141.374 0.854995 0.518588 0.00713179 96.8378 -0.0180069 0.0159396 0.999711 -0.624842
0.507927 -0.860954 0.0277283 142.238 0.861294 0.508106 -0.000669456 98.2761 -0.0135125 0.0242222 0.999615 -0.651776
0.495985 -0.867589 0.0358896 143.087 0.86832 0.495346 -0.025535 99.7257 0.00437614 0.0438287 0.999029 -0.693771
0.485643 -0.873414 0.0360487 143.917 0.874005 0.485915 -0.00136196 101.177 -0.0163271 0.0321681 0.999349 -0.679173
0.477763 -0.877813 0.0344637 144.726 0.878172 0.478276 0.008095 102.654 -0.0235891 0.0263976 0.999373 -0.6899
0.473879 -0.880475 0.0142247 145.532 0.880584 0.473871 -0.00416977 104.157 -0.00306929 0.014502 0.99989 -0.760305
0.469747 -0.882587 0.0194716 146.33 0.882796 0.469703 -0.00704658 105.661 -0.00292664 0.0204995 0.999786 -0.766573
0.469559 -0.882538 0.0253113 147.119 0.882712 0.46986 0.00724418 107.169 -0.018286 0.018941 0.999653 -0.746336
0.466388 -0.884287 0.022757 147.919 0.884529 0.466484 -0.00124627 108.689 -0.00951371 0.0207105 0.99974 -0.765905
0.462704 -0.885876 0.0336051 148.716 0.886482 0.462039 -0.0258768 110.211 0.00739676 0.0417636 0.9991 -0.784117
0.460378 -0.88705 0.0345552 149.503 0.8877 0.460297 -0.0107404 111.72 -0.00637843 0.0356193 0.999345 -0.750773
0.457983 -0.888264 0.0352033 150.277 0.888922 0.457975 -0.00877618 113.219 -0.00832667 0.0353123 0.999342 -0.743937
0.457758 -0.888724 0.0250508 151.052 0.889077 0.457582 -0.012727 114.721 -0.00015204 0.028098 0.999605 -0.766124
0.45655 -0.889411 0.0225968 151.815 0.889667 0.456598 -0.0032839 116.207 -0.00739692 0.0216029 0.999739 -0.751207
0.455737 -0.889938 0.0177387 152.57 0.890056 0.455845 0.00240749 117.691 -0.0102286 0.0146912 0.99984 -0.754869
0.454371 -0.890709 0.0135814 153.311 0.89081 0.454354 -0.00445953 119.169 -0.00219862 0.0141247 0.999898 -0.774696
0.455777 -0.890018 0.0116535 153.996 0.890094 0.455744 -0.00546739 120.538 -0.000444952 0.0128646 0.999917 -0.79106
0.461141 -0.88726 0.0109462 154.635 0.887327 0.461093 -0.00664094 121.807 0.000845041 0.0127752 0.999918 -0.80584
0.466486 -0.884469 0.0102252 155.273 0.884526 0.466426 -0.00780596 123.077 0.00213486 0.0126858 0.999917 -0.820618
0.474473 -0.880223 0.00911788 156.23 0.880261 0.474395 -0.00953787 124.982 0.00406998 0.0125516 0.999913 -0.842787
0.482419 -0.875904 0.00798013 157.188 0.87592 0.482325 -0.0112503 126.887 0.00600514 0.0124173 0.999905 -0.864954
0.490322 -0.871515 0.00681248 158.145 0.871505 0.490216 -0.0129423 128.791 0.00793985 0.012283 0.999893 -0.887114
0.501595 -0.865079 0.00633562 159.092 0.865059 0.501483 -0.0137447 130.644 0.00871302 0.0123749 0.999885 -0.901766
0.516809 -0.855655 0.0276153 160.036 0.856085 0.516727 -0.0105882 132.319 -0.00520975 0.0291131 0.999563 -0.85166
0.520892 -0.85323 0.0258827 161.022 0.853583 0.520921 -0.00611244 133.961 -0.00826754 0.025277 0.999646 -0.854895
0.520005 -0.853963 0.0184775 162.024 0.854101 0.520106 0.00077911 135.64 -0.0102756 0.0153765 0.999829 -0.875552
0.514703 -0.857326 0.00856678 163.041 0.857269 0.514465 -0.0203806 137.359 0.0130655 0.017834 0.999756 -0.928141
0.504136 -0.863391 0.0200696 164.048 0.863437 0.504375 0.00911498 139.082 -0.0179924 0.0127337 0.999757 -0.87824
0.495767 -0.868048 0.0266053 165.059 0.868159 0.496166 0.0109134 140.848 -0.022674 0.0176871 0.999586 -0.893519
0.489346 -0.871354 0.0358302 166.098 0.87202 0.489414 -0.00745357 142.558 -0.0110411 0.034892 0.99933 -0.88929
0.485392 -0.872831 0.0506047 167.132 0.874127 0.485625 -0.00840886 144.314 -0.0172354 0.0483165 0.998683 -0.843056
0.48274 -0.873495 0.0629997 168.159 0.87568 0.482439 -0.0209168 146.09 -0.0121228 0.0652649 0.997794 -0.819128
0.480777 -0.874155 0.0686078 169.171 0.876654 0.480824 -0.0169067 147.868 -0.0182092 0.0682736 0.9975 -0.800762
0.481251 -0.874469 0.0608402 170.163 0.876572 0.479744 -0.0383029 149.645 0.004307 0.0717641 0.997412 -0.835719
0.480507 -0.874335 0.0682015 171.109 0.87693 0.479938 -0.025579 151.337 -0.0103679 0.0720988 0.997344 -0.786154
0.477258 -0.875567 0.0748864 171.995 0.878499 0.47747 -0.0162069 152.924 -0.0215658 0.0735225 0.99706 -0.76521
0.457245 -0.885284 0.0848477 172.804 0.889217 0.45669 -0.0269828 154.358 -0.0148616 0.0877857 0.996029 -0.787951
0.408844 -0.908263 0.0889112 173.529 0.912581 0.407583 -0.0327373 155.698 -0.0065046 0.0945231 0.995501 -0.828101
0.29614 -0.950733 0.09169 174.349 0.955138 0.295118 -0.0248227 157.429 -0.00345964 0.0949276 0.995478 -0.849963
0.120223 -0.990509 0.0666292 174.915 0.992637 0.11894 -0.0229062 159.111 0.0147639 0.0688925 0.997515 -0.902502
-0.0998915 -0.994733 0.0230062 175.163 0.994898 -0.100184 -0.0119406 160.711 0.0141825 0.0216961 0.999664 -0.910016
-0.320672 -0.947157 -0.00799259 175.058 0.946909 -0.320771 0.0216695 162.227 -0.0230882 -0.000619465 0.999733 -0.872996
-0.52456 -0.851347 -0.00671215 174.625 0.850884 -0.524509 0.0297813 163.656 -0.0288748 0.00991084 0.999534 -0.905394
-0.698405 -0.715697 0.00303569 173.819 0.715533 -0.69814 0.0247727 165.033 -0.0156104 0.0194735 0.999689 -0.995095
-0.808397 -0.588638 0.000925724 172.558 0.588466 -0.808121 0.0254745 166.323 -0.0142472 0.0211383 0.999675 -1.04612
-0.851992 -0.523549 0.0026732 171.348 0.523503 -0.851822 0.0185612 167.214 -0.0074406 0.0172134 0.999824 -1.10193
-0.874607 -0.484833 0.000836699 169.956 0.484817 -0.874561 0.00982013 168.064 -0.00402938 0.00899439 0.999951 -1.14061
-0.880634 -0.473792 0.00208167 168.386 0.473792 -0.880598 0.00829431 168.92 -0.00209667 0.00829053 0.999963 -1.17177
-0.88089 -0.473319 0.0017816 166.651 0.473312 -0.88084 0.00990604 169.84 -0.00311941 0.00956938 0.999949 -1.19584
-0.881171 -0.472707 0.00929621 164.748 0.472789 -0.881106 0.0110914 170.728 0.00294796 0.0141686 0.999895 -1.26939
-0.881021 -0.472977 0.00972749 163.386 0.47306 -0.880978 0.00961943 171.366 0.00401993 0.0130766 0.999906 -1.31326
-0.880305 -0.474285 0.0107928 161.959 0.474397 -0.880208 0.013443 172.064 0.00312411 0.0169541 0.999851 -1.33298
-0.879399 -0.475912 0.0128621 160.485 0.476076 -0.879238 0.0171287 172.804 0.0031571 0.0211863 0.999771 -1.33313
-0.87894 -0.476853 0.00866779 158.968 0.476923 -0.878663 0.0222853 173.583 -0.00301077 0.0237213 0.999714 -1.32782
-0.8786 -0.47754 0.00420375 157.432 0.47747 -0.878234 0.0269839 174.379 -0.00919404 0.0257153 0.999627 -1.32626
-0.879796 -0.475236 0.0104464 155.891 0.475346 -0.879474 0.023903 175.181 -0.00217226 0.0259954 0.99966 -1.34965
-0.882142 -0.470868 0.0104496 154.351 0.47096 -0.881655 0.0296847 175.985 -0.00476465 0.0311074 0.999505 -1.35001
-0.885136 -0.465328 0.00216576 152.817 0.465067 -0.884465 0.0378906 176.78 -0.015716 0.0345456 0.99928 -1.34002
-0.887099 -0.461549 0.00527606 151.284 0.461372 -0.886301 0.040089 177.63 -0.0138269 0.0379971 0.999182 -1.39157
-0.88899 -0.457858 0.00791988 149.747 0.457839 -0.888351 0.0348743 178.459 -0.00893184 0.0346289 0.99936 -1.4419
-0.890183 -0.455545 0.00734785 148.189 0.455543 -0.889681 0.0307929 179.279 -0.00749032 0.0307586 0.999499 -1.48925
-0.890652 -0.454588 0.00945003 146.622 0.454683 -0.890379 0.0221122 180.094 -0.00163782 0.023991 0.999711 -1.52861
-0.889521 -0.456803 0.00919356 145.069 0.456895 -0.889313 0.0192432 180.894 -0.000614403 0.0213177 0.999773 -1.53761
-0.887707 -0.460315 0.00929886 143.534 0.460405 -0.887444 0.0216912 181.705 -0.00173258 0.0235367 0.999721 -1.53223
-0.885947 -0.463681 0.00988234 142.021 0.463763 -0.885484 0.02904 182.507 -0.00471464 0.0303109 0.999529 -1.52646
-0.884223 -0.466852 0.0140788 140.518 0.467054 -0.883596 0.0334483 183.303 -0.00317543 0.0361514 0.999341 -1.5373
-0.883036 -0.469003 0.0168602 139.03 0.469302 -0.882315 0.0357344 184.092 -0.00188347 0.0394673 0.999219 -1.52815
-0.883306 -0.468701 0.00951231 137.573 0.468679 -0.882445 0.0403942 184.879 -0.0105387 0.0401386 0.999139 -1.49793
-0.885139 -0.465282 0.00648643 136.122 0.465169 -0.884387 0.0384427 185.655 -0.0121502 0.0370444 0.99924 -1.48037
-0.888119 -0.459474 0.0113288 134.683 0.459581 -0.887489 0.0339086 186.421 -0.0055259 0.0353213 0.999361 -1.4748
-0.89242 -0.451045 0.0120539 133.251 0.451196 -0.891894 0.0307783 187.172 -0.00313161 0.0329059 0.999454 -1.46567
-0.896649 -0.442663 0.00841045 131.826 0.442717 -0.896228 0.0278862 187.9 -0.00480652 0.0287276 0.999576 -1.45975
-0.900277 -0.435317 0.000974579 130.41 0.435215 -0.900012 0.0238091 188.592 -0.00948738 0.0218589 0.999716 -1.44425
-0.90251 -0.430665 -0.00209099 128.999 0.430582 -0.902413 0.0158069 189.26 -0.00869443 0.0133656 0.999873 -1.43627
-0.903463 -0.428627 -0.00594391 127.62 0.428583 -0.903473 0.00737719 189.906 -0.00853222 0.00411755 0.999955 -1.42946
-0.90372 -0.427991 -0.0106494 125.63 0.42801 -0.903774 0.000537008 190.832 -0.0098545 -0.00407275 0.999943 -1.39349
-0.901913 -0.431674 -0.0145064 123.764 0.431753 -0.901988 -0.0027264 191.701 -0.0119077 -0.00872218 0.999891 -1.36903
-0.898157 -0.439441 -0.0143454 122.013 0.439555 -0.898197 -0.00592212 192.528 -0.0102826 -0.0116246 0.99988 -1.35352
-0.894196 -0.447533 -0.0113721 120.386 0.447589 -0.894235 -0.00285869 193.31 -0.00888996 -0.00764625 0.999931 -1.34686
-0.88857 -0.458565 -0.012736 118.897 0.458637 -0.888618 -0.0032986 194.037 -0.00980485 -0.00877225 0.999913 -1.3367
-0.882535 -0.470094 -0.0120201 117.558 0.470118 -0.882604 0.000933068 194.714 -0.0110476 -0.00482742 0.999927 -1.31699
-0.873236 -0.487051 -0.0155007 115.992 0.487054 -0.873364 0.00380887 195.535 -0.0153928 -0.00422363 0.999873 -1.29751
-0.861789 -0.507155 -0.0106502 114.681 0.507092 -0.861854 0.00816263 196.263 -0.0133186 0.00163385 0.99991 -1.2904
-0.848607 -0.529022 -0.00166753 113.289 0.528988 -0.848581 0.0090849 197.083 -0.00622115 0.0068274 0.999957 -1.27257
-0.837237 -0.546414 0.0216055 112.013 0.546508 -0.837452 -0.00182389 197.947 0.0190902 0.0102805 0.999765 -1.27141
-0.778756 -0.627117 0.0162623 110.727 0.627187 -0.778868 -0.000970021 198.742 0.0132745 0.00944411 0.999867 -1.25052
-0.6448 -0.763941 0.0250495 109.281 0.764322 -0.644717 0.0123267 199.856 0.00673297 0.0270941 0.99961 -1.21711
-0.433234 -0.901129 0.0166078 108.055 0.901241 -0.432964 0.0175693 201.243 -0.00864165 0.0225792 0.999708 -1.19383
-0.136528 -0.990338 0.0243184 107.129 0.990622 -0.136616 -0.00199296 203.163 0.00529598 0.0238183 0.999702 -1.24336
0.110649 -0.993162 0.0372427 106.861 0.993858 0.110638 -0.00236591 205.087 -0.00177075 0.0372758 0.999303 -1.2228
0.262151 -0.964343 0.0363204 107.022 0.965017 0.261792 -0.0144117 206.696 0.0043894 0.0388279 0.999236 -1.24131
0.371305 -0.927759 0.0373619 107.485 0.928511 0.371031 -0.0142932 208.39 -0.000601757 0.0399981 0.9992 -1.2256
0.432575 -0.900533 0.0437992 108.206 0.901592 0.432239 -0.0173593 210.131 -0.00329908 0.0469982 0.99889 -1.22007
0.460803 -0.886401 0.044209 109.098 0.887498 0.460389 -0.0197365 211.944 -0.00285887 0.0483301 0.998827 -1.23085
0.47324 -0.879783 0.045 110.107 0.880932 0.472707 -0.0225043 213.841 -0.00147288 0.0502919 0.998733 -1.24087
0.476074 -0.878188 0.0462511 110.827 0.879393 0.475684 -0.0197984 215.164 -0.00461417 0.0500984 0.998734 -1.24267
0.476292 -0.877917 0.0490603 111.583 0.879248 0.476055 -0.0171624 216.543 -0.00828822 0.0513104 0.998648 -1.25268
0.473416 -0.879491 0.048701 112.373 0.880831 0.472917 -0.0220494 217.974 -0.00363928 0.0533359 0.99857 -1.28742
0.472072 -0.880624 0.040615 113.191 0.881537 0.471225 -0.0289847 219.458 0.00638583 0.0494865 0.998754 -1.33038
0.472008 -0.880626 0.0413039 114.022 0.881594 0.471456 -0.0228414 220.983 0.000641817 0.0471946 0.998886 -1.33362
0.472163 -0.880037 0.0509611 114.869 0.881381 0.472296 -0.0101663 222.546 -0.015122 0.0497163 0.998649 -1.31842
0.470933 -0.880563 0.053216 115.749 0.882143 0.470531 -0.0206325 224.165 -0.0068716 0.0566606 0.99837 -1.35828
0.469041 -0.88179 0.0494761 116.652 0.883158 0.467933 -0.0327283 225.827 0.00570802 0.0590461 0.998239 -1.39943
0.467691 -0.882625 0.0473102 117.57 0.883876 0.466691 -0.0310151 227.531 0.00529547 0.0563218 0.998399 -1.39934
0.467486 -0.8825 0.0514827 118.501 0.883963 0.467207 -0.0180665 229.269 -0.0081094 0.0539546 0.99851 -1.38042
0.468602 -0.881723 0.0545679 119.465 0.883345 0.468422 -0.0168328 231.037 -0.010719 0.0560901 0.998368 -1.39063
0.468745 -0.881759 0.0527255 120.446 0.883331 0.468058 -0.0254528 232.833 -0.00223535 0.0585049 0.998285 -1.41954
0.467859 -0.88218 0.0535388 121.435 0.883803 0.467055 -0.0274231 234.652 -0.000813421 0.0601479 0.998189 -1.425
0.465078 -0.883358 0.0581431 122.436 0.885241 0.464589 -0.0224938 236.487 -0.00714256 0.061932 0.998055 -1.42159
0.462085 -0.884915 0.0583331 123.438 0.886836 0.461103 -0.0301143 238.345 -0.000249006 0.0656472 0.997843 -1.44305
0.459824 -0.886327 0.0546522 124.443 0.88799 0.458531 -0.0349741 240.21 0.00593874 0.0646126 0.997893 -1.44605
0.457225 -0.887669 0.0546763 125.445 0.889351 0.456327 -0.0286429 242.079 0.000475122 0.0617226 0.998093 -1.42877
0.45473 -0.888889 0.0556539 126.441 0.890595 0.454372 -0.0196526 243.945 -0.00781862 0.0585017 0.998257 -1.41382
0.454013 -0.889386 0.0535339 127.427 0.890958 0.453721 -0.0181892 245.805 -0.0081123 0.0559546 0.9984 -1.42552
0.454508 -0.88926 0.0513728 128.402 0.890738 0.453934 -0.0230099 247.659 -0.00285808 0.0562179 0.998414 -1.44204
0.454364 -0.889428 0.049717 129.375 0.890812 0.453474 -0.0285667 249.503 0.00286259 0.0572682 0.998355 -1.44889
0.455169 -0.88904 0.0492839 130.334 0.890404 0.454575 -0.0233064 251.331 -0.0016829 0.0544909 0.998513 -1.43
0.455903 -0.888768 0.0473763 131.283 0.890018 0.455519 -0.0192362 253.15 -0.00448431 0.0509356 0.998692 -1.41855
0.456877 -0.888241 0.0478629 132.225 0.889437 0.456946 -0.0101348 254.967 -0.0128686 0.0472014 0.998802 -1.41543
0.457884 -0.888068 0.0409609 133.174 0.888968 0.457835 -0.0111094 256.791 -0.00888747 0.0414997 0.999099 -1.44921
0.458819 -0.88791 0.0331757 134.125 0.888529 0.458556 -0.0155931 258.615 -0.00136768 0.036632 0.999328 -1.48221
0.459685 -0.887673 0.0269705 135.074 0.888081 0.459434 -0.0152371 260.433 0.00113443 0.0309563 0.99952 -1.49261
0.459552 -0.887721 0.0276266 136.024 0.888148 0.45941 -0.0116645 262.249 -0.00233707 0.0298969 0.99955 -1.48646
0.458833 -0.888019 0.0299087 136.996 0.888508 0.458755 -0.00984562 264.062 -0.00497766 0.0310916 0.999504 -1.4856
0.459678 -0.887605 0.0292083 137.972 0.888074 0.459595 -0.00991196 265.894 -0.00462609 0.0304955 0.999524 -1.49626
0.461012 -0.886894 0.0297682 138.956 0.887383 0.460916 -0.0104301 267.742 -0.00447028 0.0312242 0.999502 -1.50505
0.461932 -0.886431 0.0293124 139.947 0.886898 0.461879 -0.00895479 269.61 -0.005601 0.0301336 0.99953 -1.50704
0.462836 -0.886045 0.0265818 140.947 0.886444 0.462635 -0.0136577 271.497 -0.000196305 0.0298845 0.999553 -1.51796
0.462829 -0.886019 0.0275598 141.949 0.886447 0.462586 -0.01503 273.406 0.000568106 0.0313867 0.999507 -1.5106
0.463348 -0.88566 0.0302564 142.946 0.886146 0.463346 -0.00748068 275.318 -0.00739385 0.0302777 0.999514 -1.48145
0.464052 -0.885207 0.0326341 143.942 0.885735 0.464172 -0.00426063 277.237 -0.0113763 0.0308823 0.999458 -1.46915
0.464109 -0.885043 0.0360762 144.937 0.88572 0.46416 -0.00745664 279.148 -0.0101457 0.0354141 0.999321 -1.46707
0.463786 -0.885179 0.036886 145.932 0.88593 0.463635 -0.0130501 281.052 -0.00554993 0.0387309 0.999234 -1.46969
0.463445 -0.885121 0.0421805 146.919 0.886072 0.463414 -0.0111116 282.946 -0.0097119 0.0425246 0.999048 -1.45602
0.462946 -0.885001 0.0495449 147.888 0.886255 0.463117 -0.00864791 284.846 -0.0152917 0.0479129 0.998734 -1.44065
0.462694 -0.885023 0.0514618 148.855 0.886482 0.46242 -0.0178287 286.735 -0.00801818 0.0538692 0.998516 -1.45385
0.461971 -0.885284 0.053439 149.819 0.886865 0.461612 -0.0196312 288.59 -0.00728887 0.0564622 0.998378 -1.44776
0.46005 -0.885912 0.059278 150.759 0.887809 0.459901 -0.0169559 290.404 -0.0122406 0.0604281 0.998097 -1.42687
0.458156 -0.886508 0.0647835 151.684 0.888717 0.458218 -0.0147832 292.185 -0.0165795 0.0643472 0.99779 -1.4179
0.456369 -0.8873 0.0665303 152.597 0.889684 0.456193 -0.0187078 293.945 -0.0137512 0.0677286 0.997609 -1.42576
0.454667 -0.888337 0.0643009 153.486 0.890588 0.454371 -0.0200072 295.674 -0.0114433 0.0663622 0.99773 -1.43636
0.453389 -0.889017 0.0639293 154.346 0.891227 0.453176 -0.018629 297.36 -0.0124097 0.0654216 0.997781 -1.43648
0.452605 -0.88965 0.060603 155.182 0.891625 0.45246 -0.0168853 299.008 -0.0123984 0.0616776 0.998019 -1.43847
0.45314 -0.8895 0.0587721 155.989 0.891391 0.452818 -0.0194554 300.604 -0.00930752 0.0612049 0.998082 -1.45271
0.455604 -0.88828 0.0581691 156.769 0.890121 0.455366 -0.0180556 302.143 -0.0104498 0.0600038 0.998143 -1.45194
0.458414 -0.88656 0.0621959 157.521 0.888652 0.458223 -0.0181539 303.609 -0.0124051 0.0635925 0.997899 -1.43971
0.46125 -0.884804 0.0661112 158.248 0.887138 0.461186 -0.0171516 304.992 -0.0153138 0.0665609 0.997665 -1.4157
0.463813 -0.883376 0.0672658 158.936 0.885736 0.463974 -0.0141616 306.289 -0.0186995 0.066148 0.997635 -1.40228
0.467592 -0.881654 0.0635874 159.887 0.883879 0.467224 -0.0214657 308.084 -0.0107842 0.0662407 0.997745 -1.40066
0.470031 -0.880402 0.0629514 160.746 0.882587 0.469655 -0.0215721 309.696 -0.0105733 0.0656997 0.997783 -1.39108
0.464919 -0.883085 0.0633334 161.518 0.885249 0.46477 -0.0179646 311.111 -0.0135712 0.0644179 0.997831 -1.36162
0.429239 -0.901324 0.0580385 162.39 0.903184 0.428605 -0.0235978 312.756 -0.00360635 0.0625485 0.998035 -1.35309
0.341862 -0.938116 0.055401 163.126 0.939728 0.341664 -0.0133041 314.281 -0.00644772 0.05661 0.998376 -1.31494
0.185782 -0.981101 0.0541028 163.704 0.982554 0.185972 -0.00153294 315.779 -0.00855768 0.0534437 0.998534 -1.26832
-0.0712607 -0.996604 0.0412604 164.096 0.997252 -0.0703434 0.0232745 317.67 -0.0202931 0.0428055 0.998877 -1.22492
-0.307926 -0.950255 0.04688 164.05 0.950934 -0.305837 0.046795 319.343 -0.0301296 0.0589891 0.997804 -1.21397
-0.487265 -0.871279 0.0587238 163.724 0.87298 -0.484318 0.057829 320.646 -0.0219442 0.0794426 0.996598 -1.24467
-0.655143 -0.753163 0.0594344 163.12 0.755502 -0.652914 0.0540415 321.908 -0.0018966 0.0803078 0.996768 -1.27402
-0.789804 -0.611117 0.0524007 162.21 0.61336 -0.786883 0.0678608 323.078 -0.00023769 0.0857371 0.996318 -1.26294
-0.86948 -0.493484 0.0218892 160.954 0.493927 -0.867966 0.0516846 324.076 -0.00650644 0.0557503 0.998424 -1.24746
-0.902034 -0.431655 0.00301348 159.419 0.431237 -0.900804 0.050875 324.948 -0.0192459 0.0471905 0.9987 -1.22544
-0.910037 -0.413924 0.0223505 157.698 0.414453 -0.90957 0.0301932 325.762 0.00783169 0.0367402 0.999294 -1.28243
-0.909161 -0.415789 0.0233648 155.871 0.416416 -0.90833 0.0391775 326.59 0.00493336 0.0453481 0.998959 -1.24187
-0.908431 -0.417559 0.0199528 154.605 0.418027 -0.90768 0.0370201 327.17 0.00265267 0.041971 0.999115 -1.21887
-0.904585 -0.425894 0.0184547 152.61 0.426251 -0.904261 0.0249647 328.079 0.00605551 0.0304491 0.999518 -1.20874
-0.900828 -0.433944 0.0141593 151.222 0.434165 -0.900555 0.0224146 328.727 0.00302454 0.0263392 0.999649 -1.18661
-0.897413 -0.441137 0.00694858 149.783 0.441182 -0.897175 0.0208679 329.411 -0.00297152 0.0217927 0.999758 -1.16254
-0.894678 -0.446568 0.0113073 148.286 0.44671 -0.894463 0.0196631 330.142 0.0013331 0.0226432 0.999743 -1.17029
-0.891697 -0.452552 0.00860429 146.74 0.452623 -0.891381 0.0239264 330.914 -0.00315825 0.0252296 0.999677 -1.16673
-0.888857 -0.458185 0.000232063 145.163 0.457973 -0.888429 0.0309109 331.715 -0.0139568 0.0275817 0.999522 -1.15399
-0.886224 -0.463257 -0.000881252 143.564 0.463009 -0.88581 0.031048 332.547 -0.0151638 0.0271074 0.999518 -1.1617
-0.884761 -0.466012 0.005539 141.941 0.465987 -0.884404 0.026182 333.4 -0.00730242 0.025746 0.999642 -1.18671
-0.884616 -0.466276 0.00640066 140.312 0.466266 -0.884223 0.0272939 334.264 -0.00706688 0.0271291 0.999607 -1.18841
-0.885502 -0.464607 0.0052219 138.681 0.464546 -0.885055 0.029582 335.128 -0.00912234 0.0286208 0.999549 -1.18288
-0.886614 -0.462507 0.0018264 137.058 0.462385 -0.886274 0.0268122 335.987 -0.0107822 0.0246166 0.999639 -1.18626
-0.887487 -0.460832 0.000718403 135.436 0.460686 -0.887165 0.0265861 336.84 -0.0116144 0.0239258 0.999646 -1.18767
-0.888739 -0.458411 0.00188497 133.822 0.458325 -0.888475 0.0234839 337.69 -0.00909054 0.021735 0.999722 -1.19598
-0.891588 -0.452843 0.00200053 132.21 0.452755 -0.891308 0.0241467 338.535 -0.00915158 0.0224346 0.999706 -1.2046
-0.894933 -0.446159 -0.00609956 130.605 0.445891 -0.894737 0.0250304 339.362 -0.016625 0.0196808 0.999668 -1.19233
-0.897574 -0.440819 -0.00630166 128.991 0.440672 -0.897513 0.0167269 340.175 -0.0130294 0.0122366 0.99984 -1.21193
-0.89942 -0.437085 -0.000751507 127.374 0.437018 -0.89931 0.0160277 340.976 -0.00768128 0.0140872 0.999871 -1.22098
-0.900048 -0.435775 -0.00392465 125.767 0.435671 -0.899973 0.0155196 341.766 -0.0102951 0.0122585 0.999872 -1.21187
-0.89941 -0.437099 -0.00257098 124.159 0.437009 -0.899318 0.0157869 342.557 -0.00921255 0.0130753 0.999872 -1.20458
-0.896571 -0.442895 -0.0023779 122.555 0.442848 -0.896534 0.0106363 343.344 -0.00684265 0.00848319 0.999941 -1.20563
-0.892448 -0.451097 -0.00693125 120.962 0.45101 -0.892449 0.0111566 344.134 -0.0112185 0.0068306 0.999914 -1.19366
-0.887621 -0.460494 -0.00863279 119.379 0.460386 -0.887638 0.011978 344.933 -0.0131786 0.00665749 0.999891 -1.19244
-0.882723 -0.46984 -0.00709642 117.812 0.469727 -0.882712 0.0133009 345.742 -0.0125134 0.00840764 0.999886 -1.19515
-0.877868 -0.478886 -0.00389479 116.258 0.478826 -0.877845 0.0107312 346.563 -0.00855804 0.00755564 0.999935 -1.19975
-0.872854 -0.48797 -0.00338344 114.723 0.487916 -0.87283 0.010321 347.39 -0.00798952 0.00735792 0.999941 -1.19144
-0.86806 -0.496423 -0.00606123 113.206 0.496344 -0.868055 0.0111048 348.234 -0.0107742 0.00663121 0.99992 -1.18301
-0.864026 -0.503383 -0.00809549 111.708 0.503232 -0.864014 0.015413 349.087 -0.0147532 0.0092433 0.999848 -1.17429
-0.861454 -0.507809 -0.00510604 110.254 0.507639 -0.861357 0.0191499 349.932 -0.0141226 0.0139047 0.999804 -1.16905
-0.860359 -0.509688 0.000805084 108.864 0.50957 -0.860124 0.0229334 350.748 -0.0109964 0.0201412 0.999737 -1.16497
-0.860212 -0.509913 0.00489709 107.55 0.509857 -0.859868 0.0259627 351.528 -0.0090279 0.0248303 0.999651 -1.15532
-0.861776 -0.507216 0.00864335 106.313 0.507235 -0.861308 0.0293494 352.266 -0.00744192 0.0296768 0.999532 -1.14581
-0.868057 -0.496428 0.00596435 104.621 0.496289 -0.867369 0.0370043 353.266 -0.0131967 0.0350819 0.999297 -1.10888
-0.877576 -0.479296 0.0116705 103.058 0.479372 -0.876794 0.0378713 354.165 -0.00791893 0.0388294 0.999214 -1.10124
-0.888274 -0.459221 0.00931089 101.517 0.459219 -0.88749 0.0384629 355.017 -0.00939965 0.0384413 0.999217 -1.08084
-0.897427 -0.440873 0.0160182 99.9686 0.441164 -0.896842 0.0323734 355.827 9.32487e-05 0.0361194 0.999347 -1.08361
-0.905103 -0.424703 0.0203857 98.4097 0.425141 -0.904695 0.0279619 356.608 0.00656733 0.0339752 0.999401 -1.07355
-0.910947 -0.411983 0.021132 96.7951 0.412443 -0.910588 0.0268475 357.376 0.0081818 0.0331724 0.999416 -1.0526
-0.914734 -0.403551 0.0202159 95.1109 0.403889 -0.914652 0.0169107 358.146 0.0116661 0.0236338 0.999653 -1.03811
-0.915718 -0.401299 0.0205005 93.3513 0.401649 -0.915629 0.0173612 358.93 0.0118038 0.0241319 0.999639 -1.01618
-0.914929 -0.403615 -0.000693799 91.4985 0.403505 -0.914717 0.0218521 359.74 -0.00945445 0.0197131 0.999761 -0.977735
-0.912732 -0.408231 -0.0163814 90.1966 0.407844 -0.912773 0.0225862 360.307 -0.0241729 0.0139341 0.999611 -0.966009
-0.9083 -0.418228 0.00878497 88.1204 0.418265 -0.908321 0.00291645 361.228 0.00675983 0.00632345 0.999957 -1.0602
-0.9043 -0.426473 -0.0190493 86.6938 0.426242 -0.904484 0.0150746 361.877 -0.0236586 0.00551231 0.999705 -1.02578
-0.901231 -0.433087 -0.0148264 85.2043 0.432843 -0.901308 0.0170954 362.575 -0.0207669 0.00898941 0.999744 -1.05862
-0.898149 -0.439575 0.010137 83.6543 0.439616 -0.898184 0.0020354 363.314 0.0082102 0.00628448 0.999947 -1.14437
-0.893742 -0.448512 -0.00799378 82.0744 0.448542 -0.893759 -0.00246883 364.078 -0.00603721 -0.00579204 0.999965 -1.13158
-0.887668 -0.460413 -0.00807703 80.4366 0.460477 -0.887613 -0.0101902 364.884 -0.00247757 -0.0127648 0.999915 -1.15345
-0.881015 -0.472764 0.0174968 78.7535 0.472601 -0.881184 -0.0127978 365.743 0.0214682 -0.00300604 0.999765 -1.19076
-0.87427 -0.485381 0.00761186 77.0628 0.485403 -0.87429 0.00125442 366.633 0.0060461 0.00479152 0.99997 -1.13121
-0.868442 -0.495789 -0.00179934 75.3505 0.495744 -0.868402 0.0107922 367.557 -0.00691318 0.00848035 0.99994 -1.10443
-0.865656 -0.500593 0.006839 73.6231 0.500639 -0.865603 0.00957706 368.523 0.00112565 0.0117143 0.999931 -1.12409
-0.86508 -0.501573 0.00788072 71.8973 0.501634 -0.864958 0.0145501 369.508 -0.000481463 0.0165403 0.999863 -1.10166
-0.866203 -0.499681 0.00353393 70.1717 0.499673 -0.866081 0.0151863 370.498 -0.00452763 0.0149202 0.999878 -1.0836
-0.869146 -0.494554 -0.00111244 68.4439 0.494463 -0.869024 0.0174214 371.488 -0.00958257 0.0145917 0.999848 -1.07114
-0.872365 -0.488603 0.0156857 66.7112 0.488822 -0.872228 0.0164716 372.481 0.00563337 0.0220368 0.999741 -1.09679
-0.875748 -0.482475 0.0168286 64.9934 0.482763 -0.875376 0.0256362 373.458 0.00236253 0.0305751 0.99953 -1.08259
-0.878293 -0.478035 0.00919633 63.2779 0.478088 -0.877832 0.0290211 374.414 -0.00580028 0.0298857 0.999537 -1.06499
-0.880344 -0.474212 0.0108188 61.565 0.474335 -0.880147 0.0186392 375.35 0.000683201 0.0215406 0.999768 -1.07558
-0.882326 -0.470447 0.013453 59.8538 0.470619 -0.882193 0.0159529 376.276 0.00436313 0.0204068 0.999782 -1.06949
-0.884292 -0.466834 0.00965444 58.1545 0.466927 -0.883974 0.0238671 377.191 -0.0026077 0.0256134 0.999669 -1.03921
-0.887147 -0.461485 0.00133567 56.4621 0.461278 -0.886654 0.0326598 378.096 -0.0138877 0.0295901 0.999466 -1.01461
-0.890187 -0.455545 0.00682303 54.7613 0.455561 -0.889837 0.0256005 378.991 -0.00559077 0.0258975 0.999649 -1.04394
-0.892413 -0.451058 0.0121105 53.0591 0.45122 -0.892136 0.0222549 379.868 0.000765967 0.025325 0.999679 -1.05985
-0.893796 -0.448456 0.00400166 51.3662 0.448374 -0.893373 0.0290792 380.729 -0.00946577 0.0277851 0.999569 -1.03517
