0.480165 -0.876048 0.0445138 -0.693922 0.877177 0.479629 -0.0227389 -0.545465 -0.00142977 0.0499649 0.99875 -0.78522
0.47703 -0.878047 0.0384285 0.119036 0.878881 0.476411 -0.0244978 1.01039 0.0032024 0.0454603 0.998961 -0.78829
0.474351 -0.879498 0.0384124 0.940672 0.880335 0.473826 -0.0223522 2.59664 0.00145791 0.0444186 0.999012 -0.776557
0.471929 -0.880744 0.0396732 1.77468 0.881637 0.471475 -0.0207024 4.20674 -0.000471435 0.0447474 0.998998 -0.76689
0.469486 -0.882029 0.0400961 2.6175 0.882939 0.46893 -0.0228879 5.83627 0.00138548 0.046148 0.998934 -0.764314
0.46861 -0.882423 0.0416499 3.46777 0.883397 0.46829 -0.0177324 7.48291 -0.00385677 0.045103 0.998975 -0.749622
0.470355 -0.881335 0.0448878 4.32407 0.882417 0.470308 -0.0122518 9.14847 -0.0103131 0.0453724 0.998917 -0.732952
0.472707 -0.880109 0.0442344 5.19551 0.881171 0.472611 -0.0132825 10.835 -0.0092156 0.0452568 0.998933 -0.743201
0.474815 -0.879201 0.039453 6.0846 0.880086 0.474364 -0.0206884 12.5457 -0.000525802 0.0445452 0.999007 -0.763217
0.475203 -0.878676 0.0459444 6.9803 0.879854 0.474912 -0.0177468 14.2633 -0.00622585 0.0488577 0.998786 -0.750106
0.473493 -0.878918 0.0575226 7.8844 0.880738 0.473209 -0.0193203 15.9938 -0.0102393 0.0598103 0.998157 -0.741887
0.471032 -0.880366 0.0555339 8.80161 0.882114 0.470228 -0.0275712 17.7445 -0.00184091 0.0619741 0.998076 -0.76472
0.468369 -0.881795 0.0553833 9.75113 0.88353 0.467613 -0.0267024 19.5788 -0.00235194 0.0614394 0.998108 -0.721343
0.466163 -0.883022 0.0544487 10.7037 0.884676 0.465716 -0.0214 21.4313 -0.00646099 0.0581453 0.998287 -0.667542
0.464969 -0.883475 0.0572441 11.6429 0.88524 0.464858 -0.0160441 23.269 -0.0124359 0.0581348 0.998231 -0.628844
0.46448 -0.884027 0.0524803 12.5663 0.885465 0.464573 -0.0111501 25.0941 -0.0145239 0.0516484 0.99856 -0.622217
0.464656 -0.884159 0.0485617 13.4796 0.885434 0.464553 -0.0140768 26.9043 -0.0101133 0.049539 0.998721 -0.630036
0.462676 -0.885061 0.0509718 14.3876 0.886456 0.462604 -0.0139179 28.688 -0.0112616 0.0516237 0.998603 -0.615589
0.461652 -0.885766 0.047925 15.2816 0.887002 0.461572 -0.0133899 30.462 -0.0102605 0.048691 0.998761 -0.607536
0.460744 -0.886444 0.0439574 16.1669 0.887525 0.460391 -0.0184546 32.2255 -0.00387861 0.0475161 0.998863 -0.614214
0.460051 -0.886503 0.0496616 17.0444 0.887837 0.45993 -0.014499 33.9695 -0.0099875 0.0507616 0.998661 -0.588778
0.459676 -0.886468 0.0536068 17.9134 0.888028 0.459502 -0.0162546 35.7009 -0.0102233 0.0550762 0.99843 -0.583477
0.458221 -0.886976 0.0575087 18.7842 0.888792 0.457902 -0.019378 37.4196 -0.00914552 0.0599926 0.998157 -0.58422
0.456443 -0.887277 0.0663372 19.6407 0.889555 0.456643 -0.0129904 39.1292 -0.0187664 0.06494 0.997713 -0.576174
0.454623 -0.888399 0.0637642 20.4883 0.89049 0.454851 -0.011728 40.8257 -0.0185841 0.0621132 0.997896 -0.593247
0.452777 -0.889923 0.0550451 21.3332 0.891613 0.452214 -0.0230023 42.4886 -0.00442185 0.0594938 0.998219 -0.626628
0.450683 -0.891322 0.0492887 22.1442 0.892649 0.450466 -0.0160583 44.1047 -0.00788978 0.0512347 0.998655 -0.616264
0.448312 -0.892631 0.0471756 22.9266 0.893833 0.448187 -0.013787 45.6755 -0.00883683 0.048348 0.998791 -0.606113
0.445465 -0.894141 0.045538 23.6801 0.895242 0.445438 -0.011288 47.1992 -0.0101913 0.0457959 0.998899 -0.598213
0.442674 -0.895453 0.0469476 24.4077 0.896605 0.442716 -0.0100692 48.6786 -0.011768 0.0465508 0.998847 -0.590284
0.44017 -0.896702 0.0466611 25.1065 0.897725 0.44055 -0.00234263 50.1096 -0.0184559 0.04292 0.998908 -0.580113
0.43709 -0.898476 0.0411597 25.7835 0.899255 0.437423 -0.00100715 51.4881 -0.0170993 0.0374533 0.999152 -0.578564
0.43442 -0.900098 0.033219 26.7208 0.900709 0.434192 -0.0141707 53.4468 -0.00166842 0.0360767 0.999348 -0.593789
0.431347 -0.901525 0.0345311 27.5669 0.90217 0.431249 -0.0106288 55.2225 -0.00530935 0.0357376 0.999347 -0.546937
0.434801 -0.899694 0.0387128 28.3393 0.900507 0.434109 -0.0252235 56.8665 0.00588783 0.0458284 0.998932 -0.524478
0.446771 -0.893601 0.0432836 29.0578 0.894637 0.446489 -0.0165159 58.3714 -0.00456703 0.0461019 0.998926 -0.470495
0.475609 -0.87869 0.0412416 29.7357 0.879611 0.47554 -0.0120875 59.78 -0.00899086 0.0420255 0.999076 -0.438873
0.555347 -0.830536 0.042439 30.6249 0.831484 0.555452 -0.0103624 61.4994 -0.0149664 0.0410421 0.999045 -0.414649
0.676468 -0.735278 0.0419187 31.6213 0.736167 0.676729 -0.00975215 63.0616 -0.0211971 0.0374562 0.999073 -0.408041
0.821139 -0.569871 0.0312704 32.8042 0.57046 0.821201 -0.0143161 64.4006 -0.017521 0.029594 0.999408 -0.427827
0.938646 -0.3439 0.0260242 34.1882 0.344451 0.938572 -0.0208778 65.3978 -0.0172457 0.028561 0.999443 -0.446095
0.99846 -0.0512723 0.0211621 36.1543 0.0518147 0.99832 -0.0259309 66.0554 -0.019797 0.0269875 0.99944 -0.478737
0.983772 0.17885 0.0143375 38.1941 -0.17806 0.983007 -0.0446277 66.0997 -0.0220755 0.0413505 0.998901 -0.50763
0.947717 0.319112 0.00020058 40.2505 -0.318998 0.947396 -0.0260875 65.6849 -0.00851487 0.0246596 0.99966 -0.54983
0.921666 0.387748 -0.0135431 41.9797 -0.387976 0.921322 -0.025317 65.0745 0.00266095 0.0285882 0.999588 -0.602908
0.90074 0.434173 -0.0126964 43.8027 -0.434343 0.900082 -0.034616 64.2549 -0.00360155 0.0366946 0.99932 -0.583953
0.891582 0.452524 -0.0174381 45.2793 -0.452857 0.890778 -0.0378808 63.5048 -0.00160847 0.0416709 0.99913 -0.594259
0.884843 0.465436 -0.0205434 46.8825 -0.465888 0.883896 -0.0409282 62.6488 -0.000891208 0.045786 0.998951 -0.611265
0.880979 0.472595 -0.023027 48.6032 -0.473151 0.879704 -0.0474312 61.6876 -0.0021588 0.0526811 0.998609 -0.621933
0.883242 0.468139 -0.026996 50.438 -0.468913 0.881531 -0.0549967 60.6364 -0.00194831 0.0612341 0.998122 -0.638292
0.886737 0.461522 -0.0263509 51.7383 -0.462261 0.88484 -0.0580813 59.9052 -0.00348948 0.0636838 0.997964 -0.642779
0.890399 0.454662 -0.0217344 53.1001 -0.455128 0.888551 -0.0577641 59.1623 -0.00695101 0.061325 0.998094 -0.645078
0.89402 0.447599 -0.0195872 54.5074 -0.44797 0.892349 -0.0551001 58.4137 -0.00718413 0.058035 0.998289 -0.656081
0.896141 0.443115 -0.0240958 55.9538 -0.443766 0.895036 -0.0445313 57.6644 0.00183413 0.0505992 0.998717 -0.677779
0.896023 0.443331 -0.0245009 57.4152 -0.443981 0.895203 -0.0386304 56.9161 0.00480727 0.0454917 0.998953 -0.679303
0.895933 0.443715 -0.0205107 58.8725 -0.444187 0.89512 -0.0381909 56.1708 0.0014137 0.043327 0.99906 -0.655306
0.895879 0.443949 -0.0175886 60.3259 -0.444298 0.895178 -0.0354378 55.4181 1.23307e-05 0.0395625 0.999217 -0.633451
0.895385 0.44498 -0.0166971 61.778 -0.445289 0.894894 -0.0296906 54.6711 0.00173043 0.0340195 0.99942 -0.622744
0.892456 0.45095 -0.0129044 63.2286 -0.451135 0.892101 -0.0251861 53.929 0.000154297 0.0282991 0.9996 -0.605767
0.887362 0.461026 -0.00659422 64.6738 -0.461047 0.887069 -0.0233331 53.1804 -0.00490765 0.0237452 0.999706 -0.580962
0.879798 0.4753 -0.00676372 66.1077 -0.47533 0.87955 -0.0212999 52.4165 -0.00417478 0.0219546 0.99975 -0.570771
0.869927 0.493121 -0.00770001 67.5202 -0.493163 0.869657 -0.0220491 51.6335 -0.00417651 0.0229785 0.999727 -0.559415
0.858859 0.512176 -0.00605883 68.9025 -0.512172 0.858585 -0.0226316 50.8322 -0.00638934 0.0225405 0.999726 -0.54706
0.847244 0.531158 -0.00699735 70.2549 -0.531173 0.846976 -0.0220824 50.0068 -0.00580264 0.0224259 0.999732 -0.542102
0.8358 0.548958 -0.00914622 71.5728 -0.549021 0.835554 -0.0206241 49.1631 -0.00367962 0.0222591 0.999745 -0.540303
0.825038 0.56497 -0.0110119 72.844 -0.565071 0.824785 -0.0205986 48.3071 -0.00255515 0.0232172 0.999727 -0.532778
0.81454 0.579983 -0.0120029 74.073 -0.5801 0.814255 -0.0217224 47.4456 -0.0028252 0.0246567 0.999692 -0.522138
0.806892 0.590575 -0.0120988 75.252 -0.590669 0.806475 -0.0266358 46.5816 -0.00597302 0.0286386 0.999572 -0.501809
0.802629 0.596354 -0.0122016 76.391 -0.596402 0.80203 -0.0324282 45.7232 -0.00955266 0.0333049 0.9994 -0.487704
0.801226 0.598208 -0.0136052 78.0026 -0.59829 0.800569 -0.0337308 44.4822 -0.00928614 0.0351658 0.999338 -0.483382
0.810142 0.586018 -0.0158795 79.4803 -0.586196 0.809489 -0.0331888 43.3364 -0.00659494 0.0361962 0.999323 -0.481571
0.833278 0.552634 -0.0155937 80.8174 -0.552837 0.832699 -0.0313775 42.3263 -0.00435541 0.034767 0.999386 -0.473145
0.870856 0.491176 -0.0188901 82.0962 -0.491524 0.870484 -0.0257184 41.4379 0.0038113 0.0316819 0.999491 -0.465311
0.919968 0.391848 -0.0106766 83.3615 -0.391992 0.919534 -0.0282726 40.6579 -0.00126111 0.0301951 0.999543 -0.434771
0.97965 0.200583 0.00720195 85.0736 -0.200329 0.979368 -0.0265892 39.8674 -0.0123867 0.0246053 0.99962 -0.39102
0.998318 -0.0579254 -0.00252603 86.7992 0.0578061 0.997746 -0.0340673 39.4465 0.0044937 0.033864 0.999416 -0.398333
0.946151 -0.32369 0.00477633 88.501 0.323652 0.945521 -0.0352038 39.4904 0.006879 0.034854 0.999369 -0.37562
0.83598 -0.547869 0.0312656 90.1044 0.548568 0.835837 -0.0211868 40.0163 -0.0145254 0.0348631 0.999287 -0.30679
0.735034 -0.677497 0.0268727 91.6125 0.677848 0.735179 -0.00594065 41.0363 -0.0157314 0.0225822 0.999621 -0.332122
0.690386 -0.722915 0.027586 93.0504 0.723287 0.690525 -0.00567983 42.3854 -0.0149427 0.0238738 0.999603 -0.361288
0.682914 -0.73039 0.0126452 94.1646 0.730458 0.682956 -0.00121979 43.5489 -0.00774521 0.0100698 0.999919 -0.390041
0.690646 -0.723161 0.00674312 95.3428 0.723158 0.690491 -0.016268 44.8109 0.00710829 0.0161117 0.999845 -0.419318
0.701472 -0.712662 0.00708963 96.5986 0.712694 0.701461 -0.00438205 46.1345 -0.00185019 0.00812663 0.999965 -0.397555
0.708999 -0.704873 0.0217757 97.9455 0.705071 0.709133 -0.0020961 47.505 -0.0139644 0.0168396 0.999761 -0.372135
0.708891 -0.705152 0.0153222 99.3852 0.705314 0.70864 -0.0190037 48.9371 0.00254257 0.0242785 0.999702 -0.40625
0.705424 -0.708664 0.0131101 100.384 0.708777 0.705207 -0.0178163 49.9251 0.00338047 0.0218602 0.999755 -0.411598
0.70233 -0.711453 0.0238044 101.406 0.711771 0.702361 -0.00842893 50.9459 -0.0107225 0.0228632 0.999681 -0.377119
0.699562 -0.714419 0.0148105 102.458 0.714548 0.699558 -0.00629036 52.0133 -0.00586685 0.0149833 0.999871 -0.393745
0.693973 -0.719934 0.00982481 103.538 0.719995 0.693847 -0.0135693 53.1142 0.00295205 0.0164905 0.99986 -0.413931
0.688609 -0.724954 0.0161012 104.635 0.725133 0.688437 -0.0154064 54.2483 8.42791e-05 0.0222845 0.999752 -0.398252
0.686053 -0.727202 0.0225329 105.759 0.727531 0.685937 -0.0137663 55.4305 -0.00544522 0.0258378 0.999651 -0.381854
0.68509 -0.727941 0.0274485 106.902 0.728413 0.684981 -0.0146853 56.6435 -0.00811164 0.0300546 0.999515 -0.375148
0.685851 -0.727544 0.0169825 108.061 0.727735 0.68576 -0.0115981 57.8769 -0.00320782 0.0203134 0.999789 -0.389484
0.688205 -0.725496 0.005416 109.232 0.725512 0.688207 -0.00194587 59.1218 -0.00231561 0.00526854 0.999983 -0.39867
0.692382 -0.721521 0.00379957 110.413 0.721517 0.692392 0.00259837 60.3769 -0.00450557 0.000942391 0.999989 -0.38949
0.694632 -0.719322 0.00786437 111.613 0.719362 0.694621 -0.00450124 61.6499 -0.00222491 0.00878403 0.999959 -0.399448
0.696031 -0.717877 0.0139127 112.819 0.718009 0.695953 -0.0106057 62.9156 -0.00206906 0.0173713 0.999847 -0.398896
0.697434 -0.71651 0.0141203 114.022 0.716593 0.697491 -0.0011846 64.1726 -0.00900003 0.0109447 0.9999 -0.397889
0.699033 -0.714989 0.0119872 115.222 0.71503 0.699093 0.00120704 65.4045 -0.00924317 0.00772743 0.999927 -0.391858
0.699073 -0.715038 0.00425492 116.432 0.714889 0.698776 -0.0254298 66.6195 0.01521 0.020819 0.999668 -0.406257
0.697582 -0.716093 0.0243055 117.618 0.716403 0.697653 -0.00679066 67.8087 -0.0120941 0.0221496 0.999682 -0.334305
0.696022 -0.717316 0.0318154 118.802 0.717579 0.696464 0.00421454 68.9952 -0.0251814 0.0198966 0.999485 -0.30846
0.694563 -0.719327 0.0122598 119.992 0.719432 0.694471 -0.0113487 70.1823 -0.000350624 0.0167024 0.99986 -0.386487
0.691278 -0.722404 0.0163671 121.156 0.722586 0.691164 -0.0126911 71.3619 -0.00214424 0.0205997 0.999785 -0.380306
0.685203 -0.728209 0.0144464 122.3 0.72835 0.685016 -0.0161055 72.5399 0.00183218 0.0215576 0.999766 -0.412116
0.681164 -0.732106 0.00597701 123.428 0.732126 0.681107 -0.00923309 73.7212 0.00268862 0.0106652 0.99994 -0.431383
0.678745 -0.734312 0.00955699 124.545 0.734361 0.678753 -0.00286709 74.9041 -0.0043815 0.0089643 0.99995 -0.422747
0.675919 -0.736903 0.0103575 125.656 0.736975 0.675878 -0.0075737 76.0933 -0.00141932 0.0127524 0.999918 -0.428481
0.667804 -0.744209 0.0138126 126.753 0.744329 0.667595 -0.0170605 77.2777 0.00347536 0.0216742 0.999759 -0.437654
0.658074 -0.752593 0.0233195 127.827 0.752892 0.6581 -0.00759114 78.4727 -0.00963352 0.0225526 0.999699 -0.408472
0.651582 -0.758048 0.0283503 128.874 0.758247 0.651947 0.00518791 79.6878 -0.0224156 0.0181162 0.999585 -0.402654
0.643014 -0.765648 0.0177858 129.921 0.765818 0.643037 -0.00511064 80.9179 -0.007524 0.0169069 0.999829 -0.449712
0.632857 -0.774059 0.01802 130.961 0.774268 0.632717 -0.0133518 82.163 -0.00106649 0.0224021 0.999748 -0.473015
0.620632 -0.784038 0.00997504 131.991 0.784092 0.620639 -0.0028031 83.4203 -0.00399316 0.00956104 0.999946 -0.47293
0.605971 -0.795473 0.00470417 133.01 0.795474 0.605918 -0.00922874 84.6918 0.00449087 0.00933439 0.999946 -0.498361
0.593197 -0.80503 0.00666376 133.999 0.805049 0.593209 -0.000248526 85.9869 -0.00375293 0.00551208 0.999978 -0.494888
0.580526 -0.814182 0.00983437 134.959 0.81413 0.580604 0.00953577 87.3052 -0.0134737 0.00247069 0.999906 -0.485235
0.571676 -0.82041 0.0106715 135.905 0.820361 0.571766 0.00956622 88.6449 -0.0139498 0.00328572 0.999897 -0.494701
0.565008 -0.825073 -0.00452371 136.841 0.825082 0.564983 0.00579257 90.0029 -0.00222347 -0.00700528 0.999973 -0.530373
0.560148 -0.828373 -0.00564981 137.757 0.828381 0.56009 0.00917619 91.3728 -0.00443691 -0.00982022 0.999942 -0.544829
0.555618 -0.831437 0.000869289 138.665 0.831144 0.555449 0.0259874 92.7459 -0.0220897 -0.0137166 0.999662 -0.535289
0.547381 -0.836863 0.00587256 139.57 0.8368 0.547412 0.010241 94.1252 -0.0117851 -0.000691595 0.99993 -0.573065
0.535789 -0.84434 0.00444829 140.465 0.844331 0.535806 0.00420364 95.5055 -0.00593272 0.00150356 0.999981 -0.61599
0.523255 -0.852052 0.0145616 141.342 0.852032 0.523404 0.00947309 96.899 -0.0156932 0.00745009 0.999849 -0.617258
0.513126 -0.857875 0.0274054 142.21 0.858105 0.513444 0.00562596 98.3272 -0.0188975 0.0206299 0.999609 -0.632407
0.50193 -0.86441 0.0293538 143.066 0.864902 0.50177 -0.0131148 99.7737 -0.00339232 0.0319708 0.999483 -0.678488
0.490397 -0.870663 0.0381736 143.908 0.871493 0.490094 -0.017566 101.221 -0.00341456 0.0418824 0.999117 -0.688669
0.48122 -0.875902 0.034975 144.726 0.876238 0.481785 0.00951654 102.684 -0.025186 0.0260668 0.999343 -0.672598
0.476257 -0.878851 0.0282961 145.529 0.879208 0.476438 -0.00039704 104.179 -0.0131324 0.0250673 0.9996 -0.724387
0.472137 -0.88144 0.0122765 146.331 0.881525 0.472084 -0.00712378 105.684 0.000483649 0.0141854 0.999899 -0.773462
0.469338 -0.882696 0.0238591 147.127 0.882938 0.469489 0.000847983 107.184 -0.0119501 0.0206681 0.999715 -0.754123
0.468125 -0.883287 0.0257408 147.921 0.883499 0.4684 0.00557385 108.702 -0.0169803 0.0201327 0.999653 -0.74983
0.464611 -0.885132 0.0260385 148.721 0.885513 0.464342 -0.0159307 110.226 0.00201002 0.0304591 0.999534 -0.782651
0.461605 -0.886414 0.0345152 149.514 0.887081 0.461121 -0.0213562 111.741 0.00301472 0.0404759 0.999176 -0.772473
0.458797 -0.887845 0.0351577 150.291 0.888458 0.458935 -0.00449935 113.241 -0.0121404 0.0333004 0.999372 -0.736797
0.457977 -0.888394 0.0318442 151.069 0.888962 0.45776 -0.0142294 114.744 -0.00193572 0.034825 0.999392 -0.757623
0.457329 -0.888966 0.0242709 151.835 0.889287 0.457288 -0.00757022 116.238 -0.00436913 0.0250459 0.999677 -0.757373
0.456219 -0.889613 0.0212938 152.596 0.889808 0.456335 0.000703572 117.721 -0.010343 0.0186264 0.999773 -0.749486
0.455233 -0.890187 0.018143 153.343 0.890336 0.455305 -0.000228061 119.207 -0.00805758 0.0162572 0.999835 -0.758537
0.453264 -0.891295 0.0120439 154.078 0.891376 0.453239 -0.00490018 120.672 -0.00109125 0.0129567 0.999915 -0.783092
0.45846 -0.888643 0.0113016 154.718 0.888715 0.45842 -0.00605512 121.946 0.000199948 0.0128199 0.999918 -0.797912
0.463816 -0.885869 0.0105873 155.356 0.885931 0.463762 -0.00722453 123.216 0.00148998 0.0127305 0.999918 -0.812692
0.471815 -0.881646 0.00949037 156.313 0.881691 0.471743 -0.00896271 125.12 0.00342493 0.0125963 0.999915 -0.83486
0.479775 -0.877352 0.00836274 157.271 0.877375 0.479686 -0.0106817 127.025 0.0053601 0.0124621 0.999908 -0.857028
0.487693 -0.872986 0.00720504 158.228 0.872985 0.48759 -0.0123806 128.93 0.00729494 0.0123278 0.999897 -0.879191
0.495565 -0.86855 0.00601773 159.185 0.868522 0.495452 -0.0140587 130.834 0.00922915 0.0121935 0.999883 -0.901344
0.511937 -0.85876 0.021275 160.12 0.859016 0.511879 -0.00850201 132.539 -0.00358903 0.022628 0.999738 -0.863317
0.520833 -0.853277 0.0255392 161.093 0.853629 0.520831 -0.00725893 134.185 -0.00710771 0.0255817 0.999647 -0.850239
0.519994 -0.853725 0.0275585 162.092 0.854053 0.520186 -0.000220102 135.848 -0.0141476 0.0236508 0.99962 -0.856306
0.517577 -0.855616 0.00596585 163.101 0.855607 0.517487 -0.0120124 137.558 0.00719078 0.0113218 0.99991 -0.917188
0.507742 -0.861453 0.00984466 164.117 0.8615 0.507757 -0.00102306 139.275 -0.00411739 0.00900062 0.999951 -0.906593
0.497661 -0.866736 0.0332144 165.125 0.866936 0.498259 0.0126097 141.033 -0.0274787 0.0225194 0.999369 -0.874821
0.490303 -0.871135 0.0269749 166.156 0.871522 0.490311 -0.00677017 142.754 -0.00732834 0.0268286 0.999613 -0.903295
0.487731 -0.871834 0.0449845 166.845 0.872841 0.487963 -0.0064253 143.915 -0.016349 0.0423981 0.998967 -0.872143
0.484706 -0.873118 0.0522106 167.879 0.87461 0.484547 -0.016512 145.676 -0.0108816 0.0536673 0.9985 -0.83977
0.48208 -0.873621 0.0662227 168.898 0.875966 0.482061 -0.0173272 147.457 -0.016786 0.0663619 0.997654 -0.808749
0.481111 -0.874037 0.0677591 169.906 0.876585 0.480639 -0.0241787 149.237 -0.0114346 0.0710293 0.997409 -0.809859
0.481614 -0.874465 0.0579636 170.886 0.876375 0.48026 -0.0362897 150.994 0.00389643 0.0682755 0.997659 -0.829602
0.480068 -0.874326 0.0713375 171.813 0.877098 0.479822 -0.0216625 152.652 -0.0152893 0.0729695 0.997217 -0.77325
0.473075 -0.877333 0.080542 172.677 0.880757 0.473196 -0.0187917 154.192 -0.0216256 0.0798278 0.996574 -0.76638
0.445112 -0.891511 0.0841664 173.456 0.895414 0.44421 -0.030195 155.586 -0.0104685 0.0888039 0.995994 -0.803284
0.38634 -0.918049 0.0890345 174.154 0.922323 0.385341 -0.0288438 156.908 -0.00782863 0.0932622 0.995611 -0.833038
0.2576 -0.962414 0.0860352 174.918 0.966248 0.256332 -0.0256611 158.628 0.00264296 0.0897416 0.995962 -0.863827
0.0146623 -0.999113 0.039477 175.481 0.999751 0.0139847 -0.0173882 160.695 0.0168207 0.0397221 0.999069 -0.90634
-0.213398 -0.976917 0.00981497 175.557 0.976958 -0.213347 0.00603906 162.252 -0.00380567 0.0108775 0.999934 -0.887169
-0.423836 -0.905611 -0.0152734 175.28 0.905202 -0.424105 0.0273064 163.726 -0.0312064 -0.00225209 0.99951 -0.877003
-0.619423 -0.785041 0.00509455 174.682 0.784843 -0.619089 0.0273974 165.125 -0.0183541 0.020969 0.999612 -0.958135
-0.760942 -0.648819 0.00151214 173.644 0.648624 -0.760651 0.0264093 166.465 -0.0159847 0.0210768 0.99965 -1.01802
-0.825665 -0.564158 0.0016586 172.578 0.564046 -0.825436 0.0225414 167.4 -0.0113478 0.0195472 0.999745 -1.06683
-0.861872 -0.507122 0.00197963 171.307 0.507088 -0.861754 0.0155735 168.274 -0.00619172 0.0144262 0.999877 -1.11431
-0.877827 -0.478974 0.0021261 169.852 0.478973 -0.877789 0.00850262 169.119 -0.00220627 0.00848217 0.999962 -1.1538
-0.881221 -0.472701 0.00182319 168.229 0.472698 -0.881181 0.00872968 169.992 -0.00251997 0.0085546 0.99996 -1.17935
-0.880857 -0.473367 0.00387459 166.439 0.473381 -0.880799 0.010241 170.923 -0.00143503 0.0108551 0.99994 -1.21139
-0.881171 -0.472707 0.00929621 165.15 0.472789 -0.881106 0.0110914 171.501 0.00294796 0.0141686 0.999895 -1.26886
-0.881021 -0.472977 0.00972749 163.788 0.47306 -0.880978 0.00961943 172.139 0.00401993 0.0130766 0.999906 -1.31273
-0.880305 -0.474285 0.0107928 162.362 0.474397 -0.880208 0.013443 172.837 0.00312411 0.0169541 0.999851 -1.33245
-0.879399 -0.475912 0.0128621 160.888 0.476076 -0.879238 0.0171287 173.578 0.0031571 0.0211863 0.999771 -1.3326
-0.87894 -0.476853 0.00866779 159.37 0.476923 -0.878663 0.0222853 174.356 -0.00301077 0.0237213 0.999714 -1.32729
-0.8786 -0.47754 0.00420375 157.834 0.47747 -0.878234 0.0269839 175.152 -0.00919404 0.0257153 0.999627 -1.32573
-0.879796 -0.475236 0.0104464 156.294 0.475346 -0.879474 0.023903 175.955 -0.00217226 0.0259954 0.99966 -1.34912
-0.882142 -0.470868 0.0104496 154.753 0.47096 -0.881655 0.0296847 176.758 -0.00476465 0.0311074 0.999505 -1.34948
-0.885136 -0.465328 0.00216576 153.219 0.465067 -0.884465 0.0378906 177.553 -0.015716 0.0345456 0.99928 -1.33949
-0.887099 -0.461549 0.00527606 151.686 0.461372 -0.886301 0.040089 178.403 -0.0138269 0.0379971 0.999182 -1.39104
-0.88899 -0.457858 0.00791988 150.149 0.457839 -0.888351 0.0348743 179.232 -0.00893184 0.0346289 0.99936 -1.44136
-0.890183 -0.455545 0.00734785 148.591 0.455543 -0.889681 0.0307929 180.052 -0.00749032 0.0307586 0.999499 -1.48872
-0.890652 -0.454588 0.00945003 147.024 0.454683 -0.890379 0.0221122 180.867 -0.00163782 0.023991 0.999711 -1.52808
-0.889521 -0.456803 0.00919356 145.471 0.456895 -0.889313 0.0192432 181.667 -0.000614403 0.0213177 0.999773 -1.53707
-0.887707 -0.460315 0.00929886 143.937 0.460405 -0.887444 0.0216912 182.478 -0.00173258 0.0235367 0.999721 -1.5317
-0.885947 -0.463681 0.00988234 142.423 0.463763 -0.885484 0.02904 183.28 -0.00471464 0.0303109 0.999529 -1.52593
-0.884223 -0.466852 0.0140788 140.92 0.467054 -0.883596 0.0334483 184.077 -0.00317543 0.0361514 0.999341 -1.53677
-0.883036 -0.469003 0.0168602 139.432 0.469302 -0.882315 0.0357344 184.866 -0.00188347 0.0394673 0.999219 -1.52762
-0.883306 -0.468701 0.00951231 137.975 0.468679 -0.882445 0.0403942 185.652 -0.0105387 0.0401386 0.999139 -1.4974
-0.885139 -0.465282 0.00648643 136.524 0.465169 -0.884387 0.0384427 186.429 -0.0121502 0.0370444 0.99924 -1.47984
-0.888119 -0.459474 0.0113288 135.085 0.459581 -0.887489 0.0339086 187.194 -0.0055259 0.0353213 0.999361 -1.47427
-0.89242 -0.451045 0.0120539 133.653 0.451196 -0.891894 0.0307783 187.945 -0.00313161 0.0329059 0.999454 -1.46514
-0.896649 -0.442663 0.00841045 132.229 0.442717 -0.896228 0.0278862 188.673 -0.00480652 0.0287276 0.999576 -1.45922
-0.900277 -0.435317 0.000974579 130.812 0.435215 -0.900012 0.0238091 189.365 -0.00948738 0.0218589 0.999716 -1.44372
-0.90251 -0.430665 -0.00209099 129.401 0.430582 -0.902413 0.0158069 190.034 -0.00869443 0.0133656 0.999873 -1.43574
-0.903463 -0.428627 -0.00594391 128.022 0.428583 -0.903473 0.00737719 190.679 -0.00853222 0.00411755 0.999955 -1.42893
-0.90372 -0.427991 -0.0106494 126.032 0.42801 -0.903774 0.000537008 191.605 -0.0098545 -0.00407275 0.999943 -1.39295
-0.901913 -0.431674 -0.0145064 124.166 0.431753 -0.901988 -0.0027264 192.474 -0.0119077 -0.00872218 0.999891 -1.36849
-0.898157 -0.439441 -0.0143454 122.415 0.439555 -0.898197 -0.00592212 193.301 -0.0102826 -0.0116246 0.99988 -1.35299
-0.894196 -0.447533 -0.0113721 120.788 0.447589 -0.894235 -0.00285869 194.083 -0.00888996 -0.00764625 0.999931 -1.34633
-0.88857 -0.458565 -0.012736 119.3 0.458637 -0.888618 -0.0032986 194.81 -0.00980485 -0.00877225 0.999913 -1.33617
-0.882535 -0.470094 -0.0120201 117.96 0.470118 -0.882604 0.000933068 195.488 -0.0110476 -0.00482742 0.999927 -1.31646
-0.873236 -0.487051 -0.0155007 116.395 0.487054 -0.873364 0.00380887 196.308 -0.0153928 -0.00422363 0.999873 -1.29698
-0.861789 -0.507155 -0.0106502 115.083 0.507092 -0.861854 0.00816263 197.036 -0.0133186 0.00163385 0.99991 -1.28987
-0.848607 -0.529022 -0.00166753 113.691 0.528988 -0.848581 0.0090849 197.857 -0.00622115 0.0068274 0.999957 -1.27204
-0.837237 -0.546414 0.0216055 112.415 0.546508 -0.837452 -0.00182389 198.72 0.0190902 0.0102805 0.999765 -1.27088
-0.778756 -0.627117 0.0162623 111.129 0.627187 -0.778868 -0.000970021 199.515 0.0132745 0.00944411 0.999867 -1.24999
-0.6448 -0.763941 0.0250495 109.683 0.764322 -0.644717 0.0123267 200.629 0.00673297 0.0270941 0.99961 -1.21658
-0.433234 -0.901129 0.0166078 108.457 0.901241 -0.432964 0.0175693 202.016 -0.00864165 0.0225792 0.999708 -1.1933
-0.136528 -0.990338 0.0243184 107.531 0.990622 -0.136616 -0.00199296 203.937 0.00529598 0.0238183 0.999702 -1.24283
0.110649 -0.993162 0.0372427 107.263 0.993858 0.110638 -0.00236591 205.861 -0.00177075 0.0372758 0.999303 -1.22227
0.3041 -0.95195 0.0362487 107.545 0.952635 0.303755 -0.0148103 208.027 0.00308796 0.0390356 0.999233 -1.23654
0.396933 -0.916997 0.0395116 108.104 0.917846 0.396648 -0.0151442 209.738 -0.00178504 0.0422768 0.999104 -1.22133
0.44444 -0.894697 0.0446131 108.888 0.895799 0.44411 -0.0176107 211.5 -0.00405693 0.0477913 0.998849 -1.22034
0.466994 -0.883146 0.0443953 109.824 0.884259 0.466508 -0.0213786 213.341 -0.00183032 0.0492406 0.998785 -1.23534
0.475077 -0.878757 0.0457029 110.866 0.879941 0.474586 -0.0217438 215.269 -0.00258242 0.0505458 0.998718 -1.24067
0.47656 -0.877821 0.0481743 111.602 0.87911 0.476291 -0.0176693 216.621 -0.00743446 0.050771 0.998683 -1.24383
0.474877 -0.878676 0.0492019 112.375 0.880023 0.474573 -0.0184346 218.024 -0.00715186 0.052053 0.998619 -1.26609
0.472267 -0.880327 0.0445911 113.181 0.881453 0.471536 -0.0263622 219.48 0.0021811 0.051755 0.998657 -1.31141
0.471943 -0.88078 0.0386896 114.007 0.881603 0.471132 -0.0284848 220.99 0.00686096 0.047552 0.998845 -1.33818
0.472235 -0.880233 0.0467352 114.843 0.88142 0.472121 -0.0141382 222.53 -0.00961973 0.0478699 0.998807 -1.32
0.471843 -0.880046 0.0536924 115.705 0.881573 0.471868 -0.0130216 224.122 -0.0138761 0.0534779 0.998473 -1.33055
0.470083 -0.881118 0.0515013 116.601 0.882622 0.469222 -0.0284472 225.766 0.00089981 0.0588288 0.998268 -1.38377
0.468498 -0.882122 0.0486843 117.512 0.883439 0.467347 -0.0335088 227.449 0.00680639 0.0587083 0.998252 -1.40146
0.467541 -0.882614 0.0489709 118.435 0.883971 0.466865 -0.0251526 229.169 -0.000662791 0.0550487 0.998483 -1.38922
0.468258 -0.881952 0.0538008 119.385 0.883504 0.468202 -0.0144201 230.921 -0.0124719 0.0542855 0.998448 -1.37755
0.46901 -0.881539 0.054031 120.356 0.883169 0.468572 -0.021296 232.703 -0.00654413 0.0577065 0.998312 -1.40513
0.468545 -0.881818 0.0535044 121.343 0.88344 0.467739 -0.0274826 234.515 -0.000791466 0.0601447 0.998189 -1.42294
0.46677 -0.882578 0.0564069 122.338 0.884371 0.466088 -0.0255161 236.342 -0.00377061 0.0617948 0.998082 -1.42346
0.463543 -0.884126 0.0587389 123.338 0.88605 0.463001 -0.0233418 238.186 -0.00655909 0.0628655 0.998 -1.4258
0.460849 -0.88573 0.0556878 124.342 0.887467 0.459613 -0.0340301 240.049 0.00454662 0.0651038 0.997868 -1.45029
0.458414 -0.887098 0.0539825 125.346 0.888729 0.457271 -0.0326246 241.919 0.00425657 0.0629314 0.998009 -1.43741
0.455865 -0.88833 0.055296 126.346 0.890039 0.455277 -0.0235349 243.787 -0.00426827 0.0599443 0.998193 -1.41826
0.454043 -0.889338 0.054061 127.338 0.890935 0.453794 -0.0175135 245.649 -0.00895716 0.0561167 0.998384 -1.41665
0.454353 -0.889208 0.0535933 128.317 0.8908 0.453937 -0.0204115 247.507 -0.00617793 0.0570149 0.998354 -1.43292
0.454463 -0.889318 0.0507585 129.292 0.890765 0.453662 -0.027002 249.356 0.000986215 0.0574853 0.998346 -1.44786
0.454806 -0.889201 0.0497345 130.259 0.89059 0.454013 -0.0268692 251.191 0.00131203 0.0565133 0.998401 -1.44094
0.455617 -0.888868 0.0482408 131.211 0.890169 0.45516 -0.02071 253.013 -0.00354883 0.0523783 0.998621 -1.4208
0.456336 -0.888545 0.0473946 132.155 0.889775 0.456131 -0.0156793 254.832 -0.00768638 0.0493255 0.998753 -1.41539
0.457358 -0.888098 0.0458981 133.101 0.889179 0.457484 -0.00832761 256.652 -0.0136019 0.0446203 0.998911 -1.42707
0.458237 -0.888071 0.036721 134.052 0.888823 0.458012 -0.0147964 258.477 -0.00367839 0.0394187 0.999216 -1.46991
0.459304 -0.887775 0.0299313 135.001 0.888279 0.45907 -0.0146849 260.297 -0.000703701 0.0333321 0.999444 -1.48555
0.459684 -0.887675 0.0269181 135.949 0.888083 0.459474 -0.0138863 262.111 -4.16534e-05 0.0302888 0.999541 -1.49082
0.459194 -0.887856 0.0291909 136.91 0.888326 0.459096 -0.0103509 263.927 -0.00421132 0.0306841 0.99952 -1.48323
0.458901 -0.888014 0.0289977 137.885 0.888475 0.458826 -0.0095642 265.749 -0.00481179 0.0301528 0.999534 -1.49075
0.460385 -0.88724 0.0291924 138.865 0.887706 0.460309 -0.00965948 267.59 -0.00486724 0.0303613 0.999527 -1.49973
0.461416 -0.886707 0.0291058 139.855 0.887174 0.461318 -0.0103809 269.446 -0.00422216 0.0306118 0.999522 -1.50543
0.462524 -0.8861 0.0299745 140.847 0.886593 0.462441 -0.0100524 271.324 -0.004954 0.0312247 0.9995 -1.50602
0.462937 -0.886052 0.0245222 141.851 0.886383 0.462638 -0.0170447 273.225 0.00375757 0.0296267 0.999554 -1.52186
0.463007 -0.885853 0.0298033 142.848 0.886343 0.462909 -0.0105217 275.133 -0.00447554 0.0312876 0.9995 -1.49157
0.463781 -0.885364 0.032207 143.846 0.8859 0.463834 -0.00625456 277.052 -0.00940114 0.0314329 0.999462 -1.4735
0.464274 -0.88502 0.0344924 144.842 0.88561 0.464409 -0.00448243 278.968 -0.0120516 0.0326279 0.999395 -1.4657
0.464014 -0.8851 0.0359138 145.838 0.885798 0.463952 -0.0105401 280.874 -0.00733329 0.0367031 0.999299 -1.46992
0.463474 -0.885268 0.0386331 146.83 0.886084 0.46336 -0.0123931 282.77 -0.0069298 0.039976 0.999177 -1.46399
0.4632 -0.885051 0.0461609 147.807 0.886156 0.463295 -0.00926963 284.669 -0.013182 0.0451994 0.998891 -1.4472
0.462756 -0.885039 0.050627 148.774 0.886397 0.462761 -0.0123262 286.564 -0.0125191 0.0505796 0.998642 -1.44513
0.46247 -0.885099 0.0521662 149.744 0.886613 0.462074 -0.0201305 288.443 -0.00628717 0.055561 0.998435 -1.45533
0.461109 -0.885553 0.0563336 150.694 0.88729 0.46085 -0.0182882 290.275 -0.00976618 0.0584171 0.998244 -1.43539
0.459178 -0.88616 0.062258 151.624 0.888214 0.459182 -0.0150914 292.072 -0.0152144 0.062228 0.997946 -1.4188
0.457215 -0.886912 0.0658922 152.546 0.88922 0.457186 -0.0164027 293.84 -0.0155772 0.0660922 0.997692 -1.41953
0.45548 -0.887808 0.0658419 153.447 0.890164 0.455193 -0.0201723 295.589 -0.0120617 0.0677982 0.997626 -1.43155
0.453969 -0.888719 0.0639591 154.32 0.890946 0.453673 -0.0199276 297.295 -0.0113065 0.0660306 0.997754 -1.43782
0.452928 -0.889309 0.0631339 155.169 0.891442 0.452824 -0.0167736 298.961 -0.0136716 0.0638775 0.997864 -1.43357
0.45252 -0.889806 0.0589208 155.992 0.891692 0.452281 -0.0180836 300.587 -0.0105579 0.0607224 0.998099 -1.44525
0.454148 -0.888995 0.0586306 156.785 0.890873 0.453857 -0.0189575 302.155 -0.00975685 0.0608419 0.9981 -1.45295
0.457059 -0.887398 0.0601779 157.55 0.889357 0.456873 -0.0176124 303.658 -0.0118645 0.0615695 0.998032 -1.44563
0.459789 -0.885798 0.0628957 158.289 0.887929 0.459644 -0.0176097 305.082 -0.013311 0.0639437 0.997865 -1.43015
0.462483 -0.884005 0.0681596 158.999 0.886463 0.462512 -0.016311 306.424 -0.0171056 0.0679645 0.997541 -1.40784
0.466234 -0.88219 0.0660814 159.983 0.884514 0.466217 -0.0166162 308.279 -0.0161497 0.0661969 0.997676 -1.39775
0.469728 -0.880659 0.0616057 160.872 0.882771 0.469225 -0.023305 309.954 -0.00838319 0.0653307 0.997828 -1.39803
0.468177 -0.881193 0.0656496 161.672 0.883487 0.468165 -0.0165125 311.436 -0.0161841 0.0657313 0.997706 -1.36247
0.453085 -0.889521 0.0588785 162.375 0.891442 0.452585 -0.022345 312.737 -0.00677112 0.0626109 0.998015 -1.36293
0.392978 -0.917944 0.054286 163.175 0.919546 0.392427 -0.0209115 314.299 -0.00210774 0.0581362 0.998306 -1.33716
0.271859 -0.960568 0.0583291 163.846 0.962315 0.271762 -0.00974699 315.808 -0.006489 0.0587807 0.99825 -1.28878
0.0395353 -0.997791 0.0533829 164.392 0.999083 0.0403534 0.0143344 317.668 -0.016457 0.0527672 0.998471 -1.23413
-0.188047 -0.981351 0.0398723 164.526 0.981785 -0.186699 0.0352443 319.265 -0.0271429 0.0457736 0.998583 -1.22154
-0.427755 -0.902347 0.0528933 164.262 0.903475 -0.425039 0.0554563 320.984 -0.0275591 0.0715094 0.997059 -1.23115
-0.601738 -0.796654 0.0570423 163.755 0.798638 -0.599319 0.0547103 322.269 -0.00939863 0.0784775 0.996872 -1.26489
-0.750544 -0.657621 0.0649509 162.951 0.660807 -0.747542 0.0671989 323.478 0.00436216 0.0933557 0.995623 -1.27309
-0.848731 -0.528107 0.0275624 161.811 0.528788 -0.846896 0.0561414 324.531 -0.00630618 0.0622235 0.998042 -1.24733
-0.894563 -0.446887 0.00706201 160.356 0.446623 -0.893215 0.0519077 325.44 -0.016889 0.0495888 0.998627 -1.23094
-0.908856 -0.416959 0.0112458 158.691 0.417081 -0.908141 0.0363773 326.263 -0.00495509 0.0377521 0.999275 -1.2542
-0.909491 -0.414791 0.0278258 156.889 0.415578 -0.908904 0.0344774 327.083 0.0109901 0.0429206 0.999018 -1.27033
