0.470355 -0.881335 0.0448878 -0.687894 0.882417 0.470308 -0.0122518 -0.560993 -0.0103131 0.0453724 0.998917 -0.779563
0.473474 -0.87959 0.0462943 0.208772 0.88076 0.473339 -0.0145286 1.13798 -0.00913373 0.0476531 0.998822 -0.781657
0.476349 -0.878265 0.04175 1.10744 0.879253 0.475932 -0.0200485 2.83489 -0.00226232 0.0462589 0.998927 -0.784762
0.476502 -0.878057 0.044282 2.03408 0.879146 0.476278 -0.0161655 4.55132 -0.00689636 0.0466333 0.998888 -0.776279
0.474787 -0.878108 0.05919 2.97588 0.880041 0.474461 -0.0203532 6.27798 -0.010211 0.0617531 0.998039 -0.779989
0.472362 -0.879525 0.0575302 3.91386 0.881397 0.471627 -0.0266061 8.02081 -0.00373207 0.0632747 0.997989 -0.77108
0.469713 -0.881185 0.0536931 4.84237 0.882812 0.469088 -0.0244901 9.79102 -0.00360647 0.0589042 0.998257 -0.762169
0.467377 -0.882487 0.0526915 5.76943 0.884028 0.467019 -0.0196637 11.5726 -0.00725497 0.0557711 0.998417 -0.752543
0.466153 -0.88305 0.0540718 6.70785 0.884607 0.466136 -0.0137029 13.3582 -0.0131044 0.05422 0.998443 -0.746524
0.465571 -0.883327 0.0545588 7.62428 0.884872 0.465704 -0.0110393 15.1414 -0.015657 0.0534171 0.99845 -0.764307
0.465746 -0.883419 0.0514896 8.53641 0.884833 0.465722 -0.0131986 16.9113 -0.0123199 0.0517069 0.998586 -0.763316
0.464339 -0.884155 0.051566 9.44899 0.885583 0.46427 -0.0140424 18.6578 -0.0115249 0.0521864 0.998571 -0.739677
0.46316 -0.884411 0.0574542 10.3192 0.886202 0.462976 -0.0172787 20.3789 -0.0113184 0.0589189 0.998199 -0.790774
0.462276 -0.885343 0.0496811 11.2007 0.88672 0.461876 -0.0199423 22.1686 -0.00529076 0.0532721 0.998566 -0.780017
0.461665 -0.885507 0.0523814 12.0831 0.886994 0.461516 -0.0156287 23.8731 -0.0103355 0.0536772 0.998505 -0.758148
0.461484 -0.885346 0.0565319 12.9811 0.887077 0.461321 -0.0166865 25.6366 -0.011306 0.0578487 0.998261 -0.784235
0.461117 -0.885862 0.0511769 13.9327 0.887281 0.460979 -0.0151693 27.2464 -0.0101535 0.0524032 0.998574 -0.707451
0.458798 -0.886139 0.0652915 14.7855 0.888329 0.459053 -0.0119255 28.9737 -0.0194046 0.0634717 0.997795 -0.767219
0.457807 -0.886203 0.0711159 15.6551 0.88885 0.45794 -0.0153796 30.658 -0.0189374 0.0702522 0.99735 -0.803228
0.456121 -0.887998 0.058418 16.5123 0.889897 0.455579 -0.0230669 32.2659 -0.00613065 0.0625073 0.998026 -0.75556
0.454666 -0.889305 0.0491458 17.2765 0.890624 0.454466 -0.0158128 33.8514 -0.00827265 0.05096 0.998666 -0.768255
0.452674 -0.8903 0.0495219 18.0968 0.89162 0.452568 -0.0139805 35.4193 -0.00996515 0.0504833 0.998675 -0.755887
0.451067 -0.891342 0.0452579 18.8982 0.89242 0.451088 -0.0103139 36.9631 -0.0112221 0.0450413 0.998922 -0.754437
0.449011 -0.892273 0.0473079 19.6183 0.893426 0.449124 -0.00881467 38.3896 -0.013382 0.046224 0.998841 -0.775961
0.447452 -0.893035 0.0476927 20.3339 0.894101 0.44786 -0.00235543 39.8506 -0.0192562 0.043696 0.998859 -0.755656
0.443527 -0.895118 0.0452518 21.0087 0.89605 0.443953 -0.000697712 41.2155 -0.0194651 0.0408573 0.998975 -0.745257
0.442337 -0.896061 0.0375717 21.9193 0.896839 0.442138 -0.0139184 43.1282 -0.0041401 0.0398524 0.999197 -0.778051
0.438415 -0.898113 0.0344329 22.8128 0.898739 0.43841 -0.00807716 44.8588 -0.00784152 0.0344873 0.999374 -0.714402
0.443006 -0.895814 0.0355228 23.5669 0.896516 0.442562 -0.0199523 46.5096 0.00215251 0.0406858 0.99917 -0.725216
0.455726 -0.889458 0.0343288 24.2872 0.89008 0.455733 -0.00809146 47.9792 -0.00844777 0.0342429 0.999378 -0.702464
0.485824 -0.873288 0.0366569 25.01 0.873955 0.485979 -0.00515217 49.403 -0.0133152 0.0345396 0.999315 -0.676533
0.571216 -0.819722 0.0420523 25.9607 0.820478 0.571677 -0.0012812 50.9605 -0.0229901 0.0352348 0.999115 -0.674315
0.694834 -0.717902 0.0426776 26.9667 0.718505 0.69552 0.00172616 52.2285 -0.0309223 0.0294646 0.999087 -0.696713
0.838403 -0.543425 0.0420581 28.2399 0.543891 0.839156 0.000437249 53.287 -0.0355309 0.0225084 0.999115 -0.746759
0.967488 -0.249187 0.0432662 30.0125 0.249473 0.968381 -0.00123885 53.8674 -0.0415895 0.0119923 0.999063 -0.792488
0.998141 0.0407626 0.0453206 31.9576 -0.0406861 0.999169 -0.00260924 53.9756 -0.0453893 0.000760463 0.998969 -0.847244
0.965997 0.25463 0.0448631 33.8886 -0.253768 0.966966 -0.024048 53.5312 -0.0495044 0.0118455 0.998704 -0.885086
0.93246 0.359794 0.0326459 35.4265 -0.359655 0.933029 -0.0102533 53.0696 -0.0341487 -0.00218053 0.999414 -0.980632
0.902276 0.430357 0.0262986 36.9966 -0.430326 0.902646 -0.00712851 52.3677 -0.0268061 -0.0048851 0.999629 -1.04757
0.878323 0.477224 0.0284143 38.7353 -0.477034 0.87878 -0.0135395 51.4808 -0.0314313 -0.00166259 0.999505 -1.0922
0.868297 0.49551 0.0230171 40.1994 -0.495136 0.86858 -0.0202231 50.7362 -0.030013 0.00616309 0.99953 -1.14523
0.861409 0.507509 0.02021 41.7754 -0.507023 0.861574 -0.0248505 49.8052 -0.0300243 0.0111595 0.999487 -1.17939
0.858336 0.512859 0.015314 43.4641 -0.512219 0.858238 -0.0325461 48.7762 -0.0298346 0.0200914 0.999353 -1.23001
0.861804 0.50706 0.0135656 45.2639 -0.506328 0.861549 -0.0369358 47.7086 -0.0304161 0.0249628 0.999226 -1.30071
0.866582 0.498909 0.0111742 46.58 -0.498045 0.866057 -0.0435444 46.9749 -0.0314022 0.0321695 0.998989 -1.3567
0.870324 0.492368 0.0104941 47.9422 -0.491326 0.869545 -0.0499019 46.2388 -0.0336952 0.0382748 0.998699 -1.39088
0.874414 0.484986 0.0137378 49.3643 -0.483968 0.87388 -0.0459211 45.4541 -0.0342762 0.0335055 0.998851 -1.41499
0.876619 0.48104 0.0118239 50.8133 -0.480428 0.876353 -0.0345568 44.684 -0.0269851 0.0246126 0.999333 -1.48068
0.876581 0.481034 0.0145366 52.2593 -0.480602 0.876567 -0.0255338 43.9538 -0.0250249 0.0153961 0.999568 -1.50238
0.876329 0.48149 0.0146872 53.669 -0.480928 0.876233 -0.0303877 43.1574 -0.0275007 0.0195661 0.99943 -1.50804
0.876923 0.480304 0.0177258 55.1184 -0.479842 0.877001 -0.0249299 42.3833 -0.0275194 0.013356 0.999532 -1.52221
0.876304 0.481427 0.0178535 56.5473 -0.481001 0.876403 -0.02358 41.595 -0.026999 0.0120757 0.999563 -1.56373
0.872919 0.48756 0.0172593 57.9836 -0.487077 0.872973 -0.0259696 40.8587 -0.0277286 0.0142627 0.999514 -1.61867
0.867941 0.496061 0.0245474 59.4093 -0.495613 0.868258 -0.0222792 40.0449 -0.0323653 0.00717101 0.99945 -1.60955
0.859841 0.509988 0.0242061 60.8468 -0.509593 0.860163 -0.0208425 39.2171 -0.0314506 0.00558598 0.99949 -1.63907
0.848912 0.527939 0.0250707 62.1962 -0.527527 0.849268 -0.0214318 38.425 -0.0326064 0.00496827 0.999456 -1.66043
0.837348 0.545953 0.0279956 63.5346 -0.545553 0.837812 -0.0210334 37.5282 -0.0349383 0.00233916 0.999387 -1.70447
0.824656 0.564846 0.0298721 64.8344 -0.564659 0.825185 -0.0151657 36.6409 -0.0332163 -0.00436111 0.999439 -1.7332
0.812715 0.581918 0.0294149 66.1425 -0.58176 0.81323 -0.0145424 35.7686 -0.0323836 -0.00529365 0.999461 -1.77103
0.801468 0.597462 0.0262084 67.3579 -0.597248 0.801893 -0.0162191 34.8701 -0.0307066 -0.00265386 0.999525 -1.80034
0.791004 0.61126 0.0259627 68.5099 -0.611008 0.791428 -0.0176647 33.9582 -0.0313453 -0.00189054 0.999507 -1.85225
0.78343 0.620873 0.0274407 69.6755 -0.620449 0.78391 -0.0229815 33.1048 -0.0357797 0.000978857 0.999359 -1.88952
0.778469 0.627062 0.027914 70.7927 -0.62651 0.778963 -0.026492 32.1612 -0.0383561 0.00313482 0.999259 -1.9122
0.777481 0.628192 0.0299717 71.8496 -0.627791 0.778057 -0.0224846 31.2925 -0.0374443 -0.00133462 0.999298 -1.98809
0.78334 0.621232 0.021208 73.3524 -0.620591 0.783558 -0.0300653 30.0978 -0.0352953 0.0103898 0.999323 -1.99715
0.803312 0.595279 0.0182533 74.7795 -0.594659 0.803405 -0.0303434 29.0565 -0.0327276 0.0135207 0.999373 -2.00778
0.839916 0.542492 0.0156512 76.1094 -0.542083 0.839979 -0.0241305 28.1492 -0.0262373 0.0117833 0.999586 -2.07049
0.887191 0.461149 0.0152756 77.5393 -0.460742 0.887206 -0.0241182 27.4949 -0.0246747 0.0143594 0.999592 -2.10248
0.957463 0.287062 0.0293239 79.5184 -0.286534 0.957841 -0.0209551 26.9679 -0.0341031 0.0116615 0.99935 -2.1309
0.998989 0.0407445 0.0190218 81.5326 -0.0402469 0.998855 -0.0258543 26.8265 -0.0200535 0.0250626 0.999485 -2.13894
0.972283 -0.233602 0.00977594 83.3608 0.233782 0.971939 -0.0260919 27.2628 -0.00340648 0.0276542 0.999612 -2.18237
0.876268 -0.481054 0.0272452 85.0416 0.48157 0.876242 -0.017061 28.0492 -0.0156661 0.0280704 0.999483 -2.19012
0.770043 -0.637423 0.026952 86.4255 0.637761 0.770214 -0.0056269 29.22 -0.0171721 0.0215219 0.999621 -2.1995
0.720686 -0.692698 0.0279532 87.4291 0.693177 0.720642 -0.0134383 30.1779 -0.0108356 0.0290614 0.999519 -2.25136
0.701638 -0.712247 0.020209 88.4649 0.712468 0.701677 -0.00627277 31.2806 -0.00971243 0.0187995 0.999776 -2.20455
0.700717 -0.713326 0.0127393 89.5711 0.713437 0.700652 -0.00969181 32.4525 -0.00201242 0.0158799 0.999872 -2.20688
0.710056 -0.704138 0.00337197 90.8105 0.704118 0.709978 -0.0122116 33.7351 0.00620466 0.0110452 0.99992 -2.19268
0.720153 -0.693691 0.0131383 92.1312 0.693796 0.720146 -0.00615124 35.0293 -0.00519441 0.0135451 0.999895 -2.21091
0.724423 -0.689013 0.0217202 93.6154 0.689305 0.724393 -0.0106733 36.4166 -0.00837994 0.0227039 0.999707 -2.24366
0.722629 -0.69122 0.00470305 95.0879 0.691184 0.722475 -0.0171736 37.8488 0.00847288 0.0156608 0.999842 -2.23387
0.716377 -0.697476 0.0181937 96.6387 0.697681 0.71635 -0.0091616 39.3137 -0.00664302 0.0192565 0.999793 -2.24878
0.713678 -0.70029 0.0160735 97.6842 0.700473 0.713536 -0.0143072 40.3911 -0.00144983 0.0214697 0.999768 -2.20368
0.709083 -0.705062 0.00950101 98.775 0.705103 0.708886 -0.0176192 41.5158 0.00568747 0.0191926 0.9998 -2.17553
0.704068 -0.710073 0.00916147 99.9167 0.710118 0.703913 -0.0154898 42.6535 0.00455003 0.0174116 0.999838 -2.21496
0.701007 -0.713039 0.0128061 101.064 0.713154 0.700894 -0.0126058 43.7857 1.27368e-05 0.0179695 0.999839 -2.22071
0.700592 -0.713408 0.0148302 102.219 0.713559 0.700499 -0.011599 45.0148 -0.00211371 0.0187084 0.999823 -2.23533
0.70081 -0.713307 0.00758235 103.384 0.713342 0.700724 -0.011311 46.2124 0.00275511 0.0133357 0.999907 -2.18871
0.703557 -0.710637 -0.00167356 104.558 0.710635 0.703559 -0.0017747 47.4684 0.00243861 5.93066e-05 0.999997 -2.15135
0.707768 -0.706439 -0.00288983 105.738 0.706444 0.707769 0.000670757 48.6889 0.00157148 -0.00251624 0.999996 -2.16082
0.710528 -0.703669 -0.00068355 106.959 0.703665 0.710526 -0.00292434 49.8854 0.00254345 0.00159683 0.999996 -2.16434
0.710984 -0.703207 0.00120094 108.196 0.7032 0.710967 -0.00598493 51.118 0.00335481 0.00509969 0.999981 -2.1436
0.712694 -0.701473 -0.00181638 109.414 0.701472 0.712679 0.00510457 52.3326 -0.00228622 -0.00491214 0.999985 -2.10902
0.713633 -0.700519 -0.000992697 110.664 0.700517 0.713626 0.00369843 53.5212 -0.00188241 -0.00333472 0.999993 -2.14524
0.714661 -0.699436 -0.00705077 111.853 0.69924 0.714647 -0.0185295 54.6931 0.017999 0.00831214 0.999803 -2.03856
0.713405 -0.700738 0.00449662 113.033 0.70074 0.713416 0.0012738 55.8667 -0.00410056 0.00224222 0.999989 -2.02071
0.711339 -0.702548 0.0205662 114.247 0.702669 0.711515 0.00178825 57.0874 -0.0158895 0.0131792 0.999787 -2.03551
0.709754 -0.704446 0.00236115 115.39 0.704427 0.7097 -0.0104156 58.2142 0.00566153 0.00905578 0.999943 -2.03118
0.706439 -0.707773 0.0014719 116.543 0.707759 0.706409 -0.00792874 59.3793 0.00457198 0.00664292 0.999968 -2.00969
0.70074 -0.713411 0.00293246 117.716 0.713377 0.700652 -0.0134122 60.5897 0.00751378 0.0114904 0.999906 -1.98709
0.696913 -0.717151 -0.00273546 118.869 0.717106 0.696905 -0.00909113 61.79 0.00842606 0.00437411 0.999955 -1.94457
0.694305 -0.719676 0.00262875 119.953 0.719669 0.694268 -0.00823665 62.9689 0.00410266 0.00761057 0.999963 -1.91539
0.691577 -0.722299 0.00220103 121.098 0.722275 0.691522 -0.0107787 64.1579 0.00626341 0.00904408 0.99994 -1.91382
0.683932 -0.72951 0.00725646 122.213 0.729478 0.683699 -0.0204233 65.3214 0.00993776 0.0192616 0.999765 -1.8683
0.674134 -0.738461 0.0147603 123.3 0.738607 0.673955 -0.0156528 66.5551 0.00161123 0.0214541 0.999769 -1.83567
0.667179 -0.744644 0.0193992 124.404 0.744817 0.667263 -0.00272546 67.7644 -0.0109149 0.0162672 0.999808 -1.83021
0.658839 -0.752189 0.0119409 125.383 0.752283 0.658733 -0.0118454 68.9473 0.00104407 0.0167871 0.999859 -1.8554
0.648889 -0.760859 0.00601162 126.484 0.760842 0.648751 -0.0155432 70.1808 0.00792616 0.0146597 0.999861 -1.82798
0.637021 -0.770842 0.00267783 127.508 0.77082 0.636967 -0.0104423 71.4512 0.0063437 0.00871611 0.999942 -1.81962
0.623149 -0.782099 -0.00255764 128.492 0.781985 0.623109 -0.0153112 72.7014 0.0135686 0.00754115 0.99988 -1.79514
0.610045 -0.792357 -0.00406821 129.518 0.792343 0.610058 -0.00474943 74.0337 0.00624508 -0.00032606 0.99998 -1.74935
0.597223 -0.802073 -0.00191887 130.502 0.802073 0.597215 0.00357818 75.3563 -0.00172398 -0.00367605 0.999992 -1.74079
0.588421 -0.808551 -0.00233004 131.46 0.808553 0.588414 0.00332021 76.687 -0.00131353 -0.00383765 0.999992 -1.70738
0.581469 -0.81345 -0.0138944 132.372 0.813521 0.581535 -0.00095203 78.0557 0.00885451 -0.0107498 0.999903 -1.68376
0.576955 -0.81652 -0.0204459 133.3 0.816727 0.577014 0.00350561 79.3745 0.00893518 -0.0187213 0.999785 -1.68222
0.5718 -0.820212 -0.0172444 134.266 0.820355 0.571442 0.0217229 80.7539 -0.00796322 -0.0265677 0.999615 -1.60441
0.563525 -0.826092 -0.00344891 135.141 0.826098 0.563511 0.00418921 82.0355 -0.00151717 -0.00520987 0.999985 -1.63156
0.553481 -0.832764 -0.0127764 136.088 0.832804 0.553558 -0.00322329 83.4323 0.00975669 -0.00885617 0.999913 -1.5965
0.539822 -0.84175 -0.00703516 136.989 0.841779 0.539811 0.00356464 84.8684 0.000797113 -0.00784633 0.999969 -1.52842
0.529658 -0.848094 0.0141265 137.9 0.848205 0.529646 -0.00487278 86.295 -0.00334951 0.0145631 0.999888 -1.48181
0.51917 -0.854494 0.0174018 138.767 0.854604 0.518766 -0.0231092 87.6445 0.0107192 0.0268692 0.999582 -1.48664
0.507478 -0.86161 0.00967443 139.61 0.861583 0.507243 -0.0194935 89.0711 0.0118885 0.0182279 0.999763 -1.45978
0.498826 -0.866492 0.0191057 140.434 0.866669 0.498878 -0.00227071 90.5323 -0.00756386 0.017691 0.999815 -1.39658
0.492965 -0.869859 0.0181766 141.27 0.870048 0.492815 -0.0122731 92.0449 0.00171817 0.0218647 0.999759 -1.38625
0.489426 -0.872041 0.00255471 142.022 0.871893 0.489284 -0.0201159 93.4822 0.0162919 0.0120727 0.999794 -1.32698
0.486993 -0.873356 0.00938366 142.895 0.873392 0.486895 -0.0109808 94.9762 0.00502129 0.0135432 0.999896 -1.3351
0.486278 -0.873747 0.010006 143.751 0.873797 0.48629 -0.00144447 96.4987 -0.0036037 0.0094456 0.999949 -1.32129
0.482658 -0.875681 0.0150192 144.522 0.875662 0.482192 -0.0265871 97.946 0.0160397 0.0259843 0.999534 -1.29726
0.479594 -0.877437 0.00965179 145.331 0.87733 0.479267 -0.024384 99.4228 0.0167696 0.0201622 0.999656 -1.24361
0.476787 -0.878984 0.00783279 146.172 0.879014 0.476735 -0.00762034 100.997 0.00296398 0.0105184 0.99994 -1.27734
0.477195 -0.878674 0.0147357 146.957 0.878701 0.476827 -0.0228363 102.502 0.0130392 0.0238457 0.999631 -1.19436
0.475357 -0.879789 0.00247305 147.689 0.879727 0.475286 -0.0135336 103.955 0.0107313 0.00860892 0.999905 -1.19089
0.475201 -0.879873 0.0027454 148.482 0.87987 0.475182 -0.00555571 105.406 0.00358375 0.00505568 0.999981 -1.1638
0.473776 -0.880587 0.0101818 149.282 0.88061 0.473622 -0.0144374 106.92 0.00789103 0.0158063 0.999844 -1.0719
0.472559 -0.881299 0.000480697 149.986 0.881215 0.472507 -0.0140725 108.342 0.0121749 0.00707367 0.999901 -1.0741
0.469201 -0.883036 0.00985444 150.748 0.883077 0.469228 0.000382524 109.716 -0.00496176 0.00852275 0.999951 -1.06095
0.467421 -0.883468 0.0316516 151.477 0.884031 0.467231 -0.0136122 111.066 -0.0027627 0.0343436 0.999406 -0.994355
0.469653 -0.882687 0.0170136 152.162 0.882802 0.469337 -0.0195971 112.399 0.00931297 0.0242235 0.999663 -0.980112
