0.47876 -0.876917 0.0424876 -0.691423 0.877945 0.47813 -0.0245935 -0.545059 0.00125186 0.0490762 0.998794 -0.787702
0.476842 -0.878185 0.0376056 0.147644 0.878984 0.476252 -0.0239065 1.03877 0.00308459 0.0444544 0.999007 -0.777644
0.474162 -0.879588 0.038683 1.00124 0.880437 0.473668 -0.021651 2.64093 0.00072103 0.044324 0.999017 -0.760473
0.471604 -0.880921 0.0396032 1.85676 0.88181 0.471069 -0.0224887 4.24879 0.00115484 0.0455283 0.998962 -0.744873
0.470181 -0.881634 0.0406384 2.72274 0.88257 0.469678 -0.0217513 5.8889 8.97291e-05 0.0460933 0.998937 -0.728545
0.470807 -0.881242 0.0418711 3.59531 0.882209 0.470634 -0.0145062 7.56155 -0.00692249 0.0437687 0.999018 -0.717585
0.472982 -0.879825 0.046856 4.48016 0.881003 0.472941 -0.0126709 9.21623 -0.0110119 0.0472734 0.998821 -0.715773
0.475628 -0.878519 0.0445191 5.37452 0.879635 0.475271 -0.0189672 10.9069 -0.00449554 0.0481819 0.998828 -0.713446
0.47759 -0.877621 0.0410948 6.29052 0.878579 0.477196 -0.0195628 12.5972 -0.00244148 0.045448 0.998964 -0.710437
0.476532 -0.877693 0.0507181 7.21789 0.87909 0.476415 -0.0151387 14.3099 -0.0108758 0.0517998 0.998598 -0.713052
0.474508 -0.878092 0.0616117 8.16151 0.880221 0.473909 -0.0249379 16.0369 -0.00730049 0.0660651 0.997789 -0.712358
0.471571 -0.879929 0.0578496 9.09236 0.881825 0.470739 -0.0281032 17.795 -0.00250321 0.0642658 0.99793 -0.713895
0.469534 -0.881193 0.055112 10.0286 0.882892 0.469054 -0.0221372 19.5743 -0.00634338 0.0590522 0.998235 -0.69688
0.467613 -0.882364 0.0526434 10.9791 0.883883 0.467391 -0.0172152 21.3526 -0.00941494 0.0545807 0.998465 -0.711443
0.468061 -0.882218 0.0510985 11.9308 0.883555 0.468238 -0.0091949 23.1935 -0.0158144 0.0494521 0.998651 -0.704246
0.466957 -0.882812 0.0509286 12.8271 0.884163 0.467059 -0.0106159 24.8981 -0.0144148 0.0499863 0.998646 -0.719436
0.466712 -0.883043 0.0491414 13.6981 0.884334 0.466677 -0.0129002 26.6985 -0.0115417 0.0494781 0.998709 -0.74994
0.464533 -0.884077 0.0511617 14.6085 0.88544 0.464631 -0.0106817 28.4021 -0.0143279 0.0502626 0.998633 -0.752159
0.463867 -0.884455 0.0506709 15.5275 0.885871 0.463594 -0.0177308 30.2014 -0.0078086 0.0531125 0.998558 -0.756664
0.463369 -0.885068 0.0440967 16.4062 0.886124 0.463257 -0.0133542 31.887 -0.00860876 0.0452631 0.998938 -0.759056
0.462707 -0.884836 0.054468 17.3218 0.886414 0.462692 -0.0136603 33.6318 -0.0131148 0.0546019 0.998422 -0.753916
0.461822 -0.885154 0.0567689 18.2274 0.886904 0.461634 -0.0171605 35.333 -0.0110168 0.0582737 0.99824 -0.741614
0.461704 -0.885313 0.0552331 19.1099 0.886919 0.461751 -0.0126763 37.0778 -0.0142814 0.05484 0.998393 -0.713569
0.458763 -0.886217 0.0644736 20.0114 0.888293 0.459191 -0.00887899 38.7223 -0.021737 0.0613448 0.99788 -0.739259
0.456622 -0.887472 0.0623702 20.8388 0.889565 0.456481 -0.0173228 40.3732 -0.0130973 0.0633923 0.997903 -0.785623
0.456153 -0.888674 0.0467299 21.6629 0.88987 0.455951 -0.0155174 42.005 -0.00751662 0.0486618 0.998787 -0.773128
0.454182 -0.889837 0.0436986 22.4338 0.890843 0.454199 -0.0101106 43.5984 -0.0108511 0.0435206 0.998994 -0.756041
0.450924 -0.891578 0.0419144 23.2344 0.892487 0.450999 -0.00818305 45.1504 -0.0116075 0.041098 0.999088 -0.744538
0.44939 -0.892314 0.0427243 23.9292 0.893251 0.449493 -0.00771475 46.6159 -0.0123203 0.0416304 0.999057 -0.729436
0.446997 -0.893712 0.038369 24.7023 0.894403 0.447258 -0.00196682 48.1083 -0.0154031 0.0351965 0.999262 -0.712949
0.443727 -0.895275 0.0398703 25.3859 0.895896 0.44424 0.00458369 49.488 -0.0218156 0.0336858 0.999194 -0.741099
0.441736 -0.896434 0.0357317 26.3117 0.897133 0.441586 -0.0124091 51.4574 -0.00465469 0.0375377 0.999284 -0.724708
0.438785 -0.898069 0.0306495 27.2085 0.898553 0.43883 -0.0056308 53.3433 -0.00839307 0.0300109 0.999514 -0.692831
0.439014 -0.897828 0.0342226 28.0301 0.898476 0.438567 -0.0200146 54.9474 0.00296076 0.0395349 0.999214 -0.681908
0.449436 -0.892856 0.0285461 28.7814 0.893311 0.449267 -0.0124534 56.5152 -0.00170572 0.0310976 0.999515 -0.664282
0.470298 -0.881479 0.0426026 29.5414 0.882429 0.470352 -0.00935823 57.9197 -0.0117891 0.0419949 0.999048 -0.624043
0.539553 -0.841125 0.0372984 30.5057 0.841757 0.539852 -0.00238447 59.5461 -0.01813 0.0326827 0.999301 -0.627028
0.65392 -0.755469 0.0406937 31.5517 0.756051 0.654511 0.00162916 60.9079 -0.0278652 0.0297011 0.99917 -0.633858
0.795256 -0.605147 0.0369566 32.8101 0.605547 0.795809 0.000454662 61.9396 -0.0296855 0.0220174 0.999317 -0.670757
0.923895 -0.380935 0.0361478 34.1073 0.38132 0.924434 -0.00416444 62.6448 -0.0318299 0.0176314 0.999338 -0.702022
0.995824 -0.0819454 0.0402511 36.0064 0.0823822 0.996557 -0.0093116 62.898 -0.0393495 0.0125887 0.999146 -0.742761
0.983737 0.175443 0.0384985 37.8842 -0.174695 0.984376 -0.0220275 62.7509 -0.0417616 0.0149438 0.999016 -0.845695
0.942691 0.331946 0.0338348 39.7857 -0.331848 0.943293 -0.00865422 62.2501 -0.0347889 -0.00306974 0.99939 -0.865107
0.911977 0.409902 0.0166902 41.3759 -0.409755 0.912122 -0.0115994 61.5546 -0.0199781 0.00373948 0.999793 -0.917178
0.888247 0.458539 0.0275511 43.0894 -0.4583 0.888674 -0.0148315 60.6755 -0.0312848 0.000547339 0.99951 -0.978713
0.877117 0.479816 0.0210141 44.4856 -0.479388 0.877317 -0.0224223 59.8906 -0.0291945 0.00959306 0.999528 -1.00609
0.869873 0.492946 0.018035 46.0205 -0.492441 0.869947 -0.0263728 59.0381 -0.0286899 0.0140598 0.999489 -1.06705
0.865445 0.500673 0.0181803 47.6779 -0.500169 0.865528 -0.0263101 58.0848 -0.0289083 0.0136767 0.999489 -1.1071
0.866931 0.498276 0.0123476 49.4748 -0.49758 0.866634 -0.0368638 57.0352 -0.0290692 0.0258144 0.999244 -1.1641
0.872046 0.489227 0.0138714 50.743 -0.488598 0.871871 -0.0333801 56.2643 -0.0284245 0.0223314 0.999346 -1.23455
0.87625 0.481619 0.0151451 52.0853 -0.480972 0.876113 -0.0330551 55.5194 -0.0291888 0.0216802 0.999339 -1.26395
0.879606 0.475215 0.0215404 53.4678 -0.474551 0.879726 -0.0297459 54.8366 -0.0330853 0.0159426 0.999325 -1.30941
0.883066 0.468971 0.0161486 54.884 -0.468337 0.882973 -0.0319263 54.1041 -0.0292313 0.0206301 0.99936 -1.36646
0.883666 0.467842 0.0160841 56.3767 -0.467553 0.883766 -0.0187761 53.3552 -0.0229988 0.00907158 0.999694 -1.40742
0.88393 0.467242 0.018759 57.8847 -0.466974 0.884107 -0.0170419 52.5762 -0.0245477 0.0063039 0.999679 -1.43612
0.884054 0.466954 0.0200813 59.3104 -0.466625 0.88425 -0.0190464 51.8342 -0.0266507 0.00746758 0.999617 -1.4623
0.884058 0.466941 0.020206 60.7819 -0.466664 0.88427 -0.0170416 51.0951 -0.025825 0.00563633 0.999651 -1.50059
0.88285 0.469143 0.0219055 62.196 -0.469 0.883122 -0.0115831 50.3226 -0.0247794 -4.75708e-05 0.999693 -1.51079
0.878623 0.476698 0.0279352 63.6829 -0.476624 0.879054 -0.00966109 49.5746 -0.029162 -0.00482615 0.999563 -1.54695
0.871665 0.489055 0.0320425 65.0688 -0.489096 0.872202 -0.0070695 48.8005 -0.0314049 -0.00950964 0.999461 -1.56538
0.862938 0.504217 0.0332158 66.461 -0.504377 0.863475 -0.00400268 48.0029 -0.0306992 -0.0132992 0.99944 -1.61271
0.85243 0.521539 0.0368887 67.8391 -0.521875 0.853022 -0.000609057 47.2147 -0.0317846 -0.0187321 0.999319 -1.64984
0.839207 0.542367 0.0396089 69.1718 -0.542811 0.839855 0.000526743 46.3497 -0.03298 -0.0219422 0.999215 -1.65913
0.827496 0.560182 0.0380316 70.448 -0.560621 0.828072 0.00106939 45.5375 -0.0308938 -0.0222062 0.999276 -1.70013
0.81595 0.576826 0.0387002 71.7281 -0.577495 0.816354 0.00807032 44.6351 -0.0269379 -0.0289342 0.999218 -1.74294
0.804522 0.592869 0.0353664 72.9404 -0.593307 0.804973 0.00240044 43.7582 -0.0270459 -0.0229143 0.999372 -1.73239
0.794584 0.606211 0.0338308 74.1605 -0.606435 0.795121 -0.00437251 42.8358 -0.0295502 -0.0170418 0.999418 -1.76707
0.788912 0.613236 0.0394859 75.3078 -0.613606 0.789606 -0.00337545 41.9247 -0.0332482 -0.0215658 0.999214 -1.746
0.785948 0.61733 0.0344921 76.9521 -0.617372 0.786599 -0.0106837 40.7077 -0.0337268 -0.0128976 0.999348 -1.75638
0.790668 0.611367 0.0327902 78.5052 -0.611453 0.791236 -0.00850908 39.4622 -0.031147 -0.0133218 0.999426 -1.76835
0.810943 0.584367 0.0297751 79.9461 -0.584363 0.811434 -0.00974428 38.4101 -0.0298547 -0.0094974 0.999509 -1.79419
0.844723 0.534643 0.0245052 81.2985 -0.534664 0.845042 -0.00625241 37.6063 -0.0240507 -0.00782048 0.99968 -1.86945
0.892423 0.450473 0.0256196 82.7307 -0.450564 0.892741 -0.00241426 36.9304 -0.0239592 -0.00938874 0.999669 -1.8954
0.958639 0.282259 0.0366204 84.6938 -0.282139 0.959336 -0.00850415 36.4376 -0.0375316 -0.00217964 0.999293 -1.91451
0.998982 0.0356704 0.0276354 86.6341 -0.0353588 0.999307 -0.0116809 36.3045 -0.0280329 0.0106919 0.99955 -1.94376
0.97095 -0.238568 0.0185063 88.5039 0.238819 0.97098 -0.0128028 36.6991 -0.0149149 0.0168505 0.999747 -2.01512
0.873602 -0.485534 0.0328115 90.184 0.486003 0.873923 -0.00773048 37.521 -0.0249213 0.0226999 0.999432 -1.97039
0.764612 -0.643708 0.0317608 91.5441 0.643849 0.765121 0.00692514 38.6776 -0.0287587 0.0151542 0.999471 -1.95077
0.715025 -0.698371 0.0318911 92.5211 0.698689 0.715424 0.00160231 39.6573 -0.0239346 0.0211362 0.99949 -2.00294
0.6967 -0.716977 0.0235271 93.5812 0.716991 0.69702 0.0093346 40.7552 -0.0230916 0.0103653 0.99968 -1.98437
0.695696 -0.718196 0.014213 94.7053 0.718192 0.695817 0.0062762 41.9497 -0.0143972 0.00584131 0.999879 -2.03354
0.706015 -0.708081 0.012845 95.909 0.708175 0.706021 -0.0047889 43.2216 -0.00567794 0.0124776 0.999906 -2.01399
0.716061 -0.697799 0.0182511 97.2163 0.697792 0.716258 0.00777333 44.5279 -0.0184967 0.00716931 0.999803 -2.03244
0.720834 -0.692598 0.0265672 98.6692 0.692837 0.721094 0.000285454 45.9337 -0.0193552 0.018201 0.999647 -2.08668
0.718777 -0.695082 0.0148631 100.084 0.695221 0.718753 -0.00786521 47.3494 -0.00521592 0.0159865 0.999859 -2.10758
0.715058 -0.698711 0.022252 101.113 0.698924 0.715192 -0.00263196 48.3561 -0.0140755 0.0174345 0.999749 -2.15442
0.71225 -0.70139 0.0274245 102.185 0.701683 0.712488 -0.00150878 49.4135 -0.0184814 0.020318 0.999623 -2.12431
0.708518 -0.705518 0.0157084 103.256 0.705634 0.70857 -0.00293859 50.5009 -0.00905725 0.0131664 0.999872 -2.16534
0.702735 -0.71133 0.0131997 104.355 0.711405 0.70278 -0.00158665 51.6275 -0.00814787 0.0105053 0.999912 -2.17681
0.697928 -0.716034 0.013882 105.494 0.716095 0.698003 0.000785373 52.74 -0.010252 0.0093927 0.999903 -2.21297
0.69545 -0.718316 0.019261 106.669 0.718452 0.695577 -0.000136098 53.9045 -0.0132997 0.0139327 0.999815 -2.22953
0.695567 -0.717973 0.0264863 107.838 0.718325 0.69568 -0.00620435 55.1117 -0.0139714 0.0233413 0.99963 -2.22008
0.697254 -0.716799 0.00608087 108.958 0.716744 0.697278 0.00901899 56.3409 -0.0107049 -0.00193008 0.999941 -2.2291
0.701955 -0.712218 0.00220587 110.131 0.712127 0.70191 0.0141036 57.5784 -0.0115932 -0.00832925 0.999898 -2.24297
0.705063 -0.709135 0.00387449 111.355 0.709075 0.705059 0.0102219 58.8304 -0.00998045 -0.00445977 0.99994 -2.26746
0.706004 -0.708129 0.0105589 112.565 0.708152 0.706057 0.00205516 60.0206 -0.00891054 0.00602639 0.999942 -2.28731
0.708153 -0.705961 0.0117917 113.785 0.705972 0.708229 0.00387689 61.2447 -0.0110881 0.00557917 0.999923 -2.24496
0.709728 -0.704312 0.0151872 115.007 0.704184 0.709889 0.0134903 62.5261 -0.0202826 0.00112013 0.999794 -2.26675
0.710838 -0.7033 0.00881252 116.187 0.70334 0.710851 -0.00221053 63.6746 -0.00470973 0.00776954 0.999959 -2.33932
0.709597 -0.704558 0.00832973 117.391 0.704603 0.709587 -0.00462277 64.8612 -0.00265367 0.00914945 0.999955 -2.27684
0.707087 -0.706253 0.0351364 118.597 0.706185 0.707837 0.0164507 66.0442 -0.0364892 0.0131807 0.999247 -2.29958
0.70608 -0.707869 0.0193249 119.748 0.707926 0.70627 0.0048727 67.2275 -0.0170978 0.0102401 0.999801 -2.36161
0.704399 -0.709713 0.0113789 120.919 0.709774 0.704427 -0.00193315 68.4149 -0.00664361 0.00943813 0.999933 -2.31315
0.700714 -0.71332 0.0132414 122.044 0.713392 0.700764 -0.00109479 69.6109 -0.00849819 0.0102135 0.999912 -2.35667
0.694785 -0.719169 0.00837112 123.171 0.719187 0.694816 0.00109745 70.8136 -0.00660564 0.00525792 0.999964 -2.38307
0.691102 -0.722735 0.00563503 124.275 0.722696 0.691124 0.00759833 71.9377 -0.00938609 -0.00117881 0.999955 -2.32106
0.689255 -0.724475 0.00799994 125.424 0.724418 0.689301 0.0090565 73.1565 -0.0120756 -0.000446942 0.999927 -2.3354
0.684668 -0.728814 0.00768808 126.533 0.728829 0.684695 0.00127603 74.36 -0.00619398 0.00472964 0.99997 -2.36118
0.674513 -0.738097 0.0156539 127.602 0.738219 0.674553 -0.00333824 75.508 -0.00809547 0.0138077 0.999872 -2.33841
0.66708 -0.744446 0.0283909 128.684 0.744507 0.667533 0.0104557 76.7077 -0.0267356 0.0141624 0.999542 -2.32566
0.660113 -0.750718 0.0259555 129.702 0.750755 0.660501 0.0102723 77.8702 -0.0248553 0.0127053 0.99961 -2.35895
0.650758 -0.758958 0.0222887 130.786 0.759241 0.650756 -0.00834998 79.1526 -0.0081672 0.0223563 0.999717 -2.38166
0.640198 -0.768061 0.0151189 131.773 0.768152 0.640268 -0.000339365 80.3915 -0.00941952 0.0118309 0.999886 -2.41241
0.626799 -0.779091 0.0118463 132.753 0.779159 0.626823 -0.00193734 81.652 -0.0059162 0.0104445 0.999928 -2.40746
0.613548 -0.789627 0.00691206 133.785 0.789654 0.613549 -0.00218095 82.9547 -0.00251875 0.00679626 0.999974 -2.40971
0.60039 -0.799651 0.00948388 134.78 0.799573 0.600464 0.0111984 84.2989 -0.0146495 0.000859663 0.999892 -2.42727
0.587997 -0.808745 0.0138446 135.752 0.808535 0.58816 0.0184199 85.6574 -0.0230398 0.000362996 0.999734 -2.44387
0.581376 -0.813626 0.00385885 136.695 0.813523 0.581368 0.0138534 87.0017 -0.0135149 -0.00491475 0.999897 -2.45165
0.575757 -0.817559 -0.0100809 137.616 0.817617 0.575671 0.0102911 88.3238 -0.00261028 -0.0141674 0.999896 -2.45766
0.57035 -0.821389 -0.00449529 138.55 0.821211 0.570091 0.0246641 89.7219 -0.0176961 -0.0177587 0.999686 -2.45957
0.563936 -0.825816 0.00191699 139.448 0.825471 0.563765 0.0277054 91.0398 -0.0239603 -0.0140417 0.999614 -2.46719
0.554689 -0.83196 0.0127891 140.382 0.832 0.554766 0.00323009 92.3967 -0.00978225 0.00884882 0.999913 -2.48112
0.541813 -0.84046 0.00815887 141.283 0.840396 0.541873 0.0104082 93.826 -0.0131687 0.0012174 0.999913 -2.51027
0.530376 -0.847287 0.0284165 142.123 0.847494 0.530754 0.00741297 95.1931 -0.0213631 0.0201511 0.999569 -2.45941
0.520365 -0.852963 0.0409235 143.033 0.85378 0.520607 -0.00536438 96.6156 -0.0167294 0.0377311 0.999148 -2.4528
0.508789 -0.860137 0.0360251 143.913 0.860892 0.508356 -0.0209796 98.0615 -0.000268263 0.0416878 0.999131 -2.54392
0.499055 -0.865843 0.0355065 144.691 0.866415 0.499323 -0.00149674 99.4744 -0.0164333 0.0315103 0.999368 -2.50461
0.490746 -0.870094 0.0458881 145.51 0.870999 0.491284 0.000520041 100.966 -0.0229966 0.0397133 0.998946 -2.46968
0.487468 -0.872694 0.027934 146.341 0.873127 0.48739 -0.00999391 102.473 -0.00489316 0.0292617 0.99956 -2.48283
0.483627 -0.874898 0.025668 147.15 0.875271 0.483496 -0.0115133 103.964 -0.00233739 0.0280346 0.999604 -2.53676
0.482523 -0.875191 0.0348149 147.971 0.87572 0.48282 0.000160605 105.476 -0.0169499 0.0304106 0.999394 -2.53595
0.479205 -0.876746 0.0409828 148.777 0.877629 0.47925 -0.00936323 106.98 -0.0114318 0.0404545 0.999116 -2.5406
0.476754 -0.878428 0.0327132 149.569 0.879027 0.476244 -0.0224324 108.418 0.00412581 0.0394505 0.999213 -2.5672
0.47417 -0.879744 0.0348239 150.36 0.880395 0.474148 -0.00942705 109.897 -0.00821827 0.0351288 0.999349 -2.58183
0.472849 -0.880001 0.0448668 151.2 0.881089 0.472774 -0.0129367 111.472 -0.00982753 0.0456487 0.998909 -2.52387
0.473279 -0.880148 0.0367073 151.943 0.88091 0.472971 -0.0171997 112.92 -0.00222321 0.0404761 0.999178 -2.50558
0.471553 -0.881148 0.0348694 152.708 0.881795 0.471551 -0.00878278 114.409 -0.00870378 0.0348892 0.999353 -2.51087
0.469858 -0.882109 0.0334327 153.474 0.882659 0.469996 -0.00409867 115.887 -0.0120977 0.0314354 0.999433 -2.47775
0.469554 -0.882604 0.0229978 154.248 0.882898 0.469488 -0.00851723 117.322 -0.00327985 0.024304 0.999699 -2.51281
0.466494 -0.884154 0.0256128 154.983 0.884482 0.466561 -0.00364447 118.801 -0.00872768 0.0243542 0.999665 -2.5256
0.463799 -0.885158 0.0372235 155.743 0.885642 0.464324 0.00644504 120.163 -0.0229886 0.0299775 0.999286 -2.51567
0.464664 -0.885 0.0293524 156.427 0.885428 0.464761 -0.00384657 121.505 -0.0102376 0.0277768 0.999562 -2.52733
0.468922 -0.883057 0.0179432 157.412 0.883238 0.468792 -0.0111353 123.351 0.00142147 0.0210697 0.999777 -2.55346
0.48336 -0.875197 0.0198197 158.332 0.875357 0.483476 0.00121077 125.118 -0.010642 0.0167641 0.999803 -2.49785
0.501058 -0.86528 0.0152318 159.304 0.865374 0.501126 0.000740178 126.831 -0.0082735 0.0128103 0.999884 -2.559
0.519564 -0.854426 0.0031109 160.267 0.854426 0.519544 -0.00546444 128.482 0.00305271 0.00549716 0.99998 -2.55239
0.534353 -0.844861 0.0260301 161.349 0.845198 0.534438 -0.00415738 130.129 -0.010399 0.024222 0.999653 -2.51082
0.537428 -0.84295 0.0246236 162.378 0.843209 0.537587 -0.000217455 131.759 -0.013054 0.0208797 0.999697 -2.51282
0.53668 -0.843573 0.0189444 163.393 0.843729 0.536769 -0.000431916 133.374 -0.00980444 0.0162158 0.99982 -2.53505
0.530919 -0.847287 0.0151788 164.411 0.847386 0.530644 -0.0188225 135.041 0.00789352 0.0228555 0.999708 -2.48158
0.519002 -0.854317 0.0279226 165.491 0.854495 0.51939 0.00855487 136.825 -0.0218113 0.0194197 0.999573 -2.43463
0.511435 -0.858928 0.0260278 166.544 0.8591 0.511757 0.00720343 138.594 -0.0195071 0.0186764 0.999635 -2.55356
0.505107 -0.862247 0.0373782 167.62 0.862969 0.5052 -0.00761643 140.404 -0.0123162 0.0361034 0.999272 -2.60169
0.501689 -0.863676 0.0487146 168.707 0.864958 0.501656 -0.0137794 142.209 -0.0125371 0.049049 0.998718 -2.55383
0.499854 -0.864331 0.0554748 169.796 0.866047 0.499561 -0.0200243 144.022 -0.0104054 0.058053 0.998259 -2.59085
0.497588 -0.864674 0.0688834 170.811 0.867243 0.497493 -0.0197496 145.796 -0.0171921 0.0695658 0.997429 -2.48325
0.49907 -0.864675 0.0571604 171.831 0.866556 0.497726 -0.0367474 147.543 0.00332432 0.0678722 0.997689 -2.51737
0.498533 -0.864683 0.0615554 172.809 0.866808 0.498092 -0.023407 149.281 -0.0104206 0.0650259 0.997829 -2.53812
0.494829 -0.866465 0.0662102 173.725 0.868803 0.494866 -0.0169818 150.843 -0.0180511 0.0659267 0.997661 -2.49315
0.474208 -0.876905 0.0785185 174.531 0.880322 0.473553 -0.027952 152.342 -0.0126713 0.0823766 0.996521 -2.50705
0.428351 -0.900433 0.075744 175.157 0.903607 0.427128 -0.0324863 153.751 -0.00310067 0.0823583 0.996598 -2.50199
0.319276 -0.944655 0.0754313 175.716 0.947662 0.318217 -0.02599 155.687 0.000548051 0.0797814 0.996812 -2.456
0.143954 -0.988115 0.053906 175.922 0.98934 0.142493 -0.0300448 157.584 0.0220065 0.0576564 0.998094 -2.38867
-0.0790163 -0.996722 0.0173868 175.7 0.996327 -0.0795386 -0.0317305 159.308 0.0330094 0.0148157 0.999345 -2.31953
-0.30415 -0.952612 -0.00482091 175.162 0.952598 -0.3041 -0.00898277 160.956 0.00709104 -0.00732449 0.999948 -2.23545
-0.511042 -0.859533 -0.00620488 174.319 0.859555 -0.51104 -0.00205693 162.326 -0.00140294 -0.0063846 0.999979 -2.30468
-0.688626 -0.725078 0.0074496 173.19 0.724945 -0.688651 -0.0146961 163.544 0.015786 -0.00471958 0.999864 -2.21995
-0.801369 -0.598114 0.00822919 171.772 0.597928 -0.801361 -0.0174166 164.637 0.0170117 -0.00903667 0.999814 -2.21698
-0.844431 -0.535537 0.01165 170.47 0.535201 -0.844406 -0.0231989 165.402 0.0222612 -0.0133548 0.999663 -2.17187
-0.867089 -0.498042 0.0105627 169.065 0.49746 -0.866805 -0.0344042 166.148 0.0262906 -0.024577 0.999352 -2.15124
-0.87247 -0.488543 0.0110505 167.484 0.48787 -0.872114 -0.0374006 166.994 0.0279091 -0.0272397 0.999239 -2.1006
-0.872667 -0.488202 0.010543 165.774 0.487544 -0.872298 -0.0373793 167.944 0.0274453 -0.0274795 0.999246 -2.04655
-0.870771 -0.491452 0.0152912 163.85 0.490588 -0.87048 -0.0398549 168.983 0.0328974 -0.0272028 0.999088 -2.00199
-0.869317 -0.493985 0.0163147 162.46 0.493061 -0.869038 -0.0408003 169.761 0.0343328 -0.0274243 0.999034 -1.92047
-0.867643 -0.496906 0.0167774 161.07 0.496101 -0.867482 -0.0368555 170.543 0.0328678 -0.0236541 0.99918 -1.86996
-0.866526 -0.498736 0.0199072 159.565 0.498013 -0.866564 -0.0324173 171.406 0.0334185 -0.0181764 0.999276 -1.79893
-0.865085 -0.501409 0.0147519 157.995 0.500859 -0.865013 -0.0298746 172.298 0.02774 -0.0184554 0.999445 -1.70972
-0.864903 -0.501748 0.0138527 156.451 0.501325 -0.864881 -0.0255722 173.193 0.0248118 -0.0151727 0.999577 -1.66785
-0.865721 -0.500148 0.0194886 154.915 0.499604 -0.865832 -0.0270332 174.059 0.0303945 -0.0136666 0.999444 -1.60206
-0.867995 -0.496215 0.0188571 153.367 0.495768 -0.868124 -0.0239849 174.948 0.028272 -0.01147 0.999534 -1.55549
-0.871531 -0.490107 0.0151319 151.865 0.490012 -0.871662 -0.00969405 175.799 0.017941 -0.00103384 0.999839 -1.50243
-0.874545 -0.484641 0.0171607 150.302 0.484495 -0.87471 -0.0121361 176.676 0.0208923 -0.00229932 0.999779 -1.44934
-0.876474 -0.481037 0.0199172 148.76 0.480803 -0.876691 -0.0155551 177.5 0.0249438 -0.0040574 0.999681 -1.39017
-0.877825 -0.478552 0.0202786 147.223 0.478334 -0.878053 -0.0148457 178.301 0.0249101 -0.00333194 0.999684 -1.35298
-0.878263 -0.477612 0.023255 145.697 0.477204 -0.87854 -0.0210728 179.108 0.0304951 -0.0074101 0.999507 -1.26748
-0.877493 -0.47906 0.0225387 144.232 0.478505 -0.877699 -0.0260212 179.902 0.0322479 -0.0120485 0.999407 -1.17966
-0.875438 -0.482821 0.0221992 142.7 0.482293 -0.875645 -0.0252949 180.721 0.0316515 -0.0114376 0.999434 -1.08809
-0.873585 -0.486405 0.0161152 141.205 0.485901 -0.873587 -0.0273269 181.541 0.02737 -0.016042 0.999497 -1.06569
-0.871537 -0.489841 0.0219058 139.767 0.48953 -0.871797 -0.0181753 182.376 0.0280004 -0.00511688 0.999595 -0.963945
-0.870691 -0.491274 0.0233996 138.309 0.491001 -0.871 -0.0166727 183.2 0.028572 -0.00302756 0.999587 -0.902411
-0.870925 -0.491179 0.0152264 136.889 0.49097 -0.871037 -0.0155985 183.99 0.0209244 -0.00610946 0.999762 -0.872095
-0.873341 -0.486909 0.0139996 135.454 0.486731 -0.873434 -0.0143308 184.781 0.0192055 -0.00570163 0.999799 -0.804755
-0.876412 -0.481213 0.0183376 134.003 0.480869 -0.876558 -0.0202709 185.548 0.0258286 -0.00894766 0.999626 -0.764025
-0.880466 -0.473713 0.0194114 132.609 0.47327 -0.880604 -0.0234975 186.316 0.0282249 -0.0115019 0.999535 -0.709355
-0.885024 -0.465345 0.0136524 131.187 0.464889 -0.884953 -0.0271241 187.045 0.0247038 -0.0176586 0.999539 -0.668442
-0.888955 -0.457955 0.00598509 129.75 0.45753 -0.888567 -0.0333974 187.741 0.0206127 -0.0269505 0.999424 -0.628468
-0.891131 -0.453692 0.00711084 128.365 0.453192 -0.890706 -0.0354972 188.432 0.0224385 -0.0284101 0.999345 -0.562632
-0.891646 -0.452696 0.00573279 126.988 0.452162 -0.891086 -0.0389249 189.101 0.0227296 -0.0321151 0.999226 -0.536483
-0.892184 -0.451671 0.000953782 124.996 0.451126 -0.891209 -0.0472491 190.057 0.0221911 -0.0417247 0.998883 -0.47834
-0.890356 -0.455248 -0.00383137 123.194 0.454852 -0.889161 -0.0500155 190.943 0.0193628 -0.0462743 0.998741 -0.434181
-0.885871 -0.463911 -0.00437994 121.461 0.463407 -0.884382 -0.055883 191.842 0.0220512 -0.0515348 0.998428 -0.308079
-0.881606 -0.471985 -0.000185177 119.886 0.47144 -0.880569 -0.0483901 192.666 0.0226763 -0.0427483 0.998828 -0.27878
-0.875158 -0.483836 -0.00151118 118.423 0.483292 -0.874017 -0.0502232 193.478 0.022979 -0.0446835 0.998737 -0.201118
-0.869018 -0.494778 -0.00143291 117.106 0.494301 -0.868047 -0.0464931 194.179 0.0217599 -0.0411116 0.998918 -0.165461
-0.858496 -0.512794 -0.00514191 115.61 0.512508 -0.857583 -0.0434488 195.099 0.0178706 -0.0399359 0.999042 -0.0754991
-0.846141 -0.532956 -0.00202557 114.391 0.532605 -0.845433 -0.0396888 195.86 0.0194399 -0.0346611 0.99921 -0.0543264
-0.831847 -0.554974 0.005805 113.055 0.554264 -0.831232 -0.042957 196.719 0.0286653 -0.0325162 0.99906 -0.00169981
-0.81774 -0.574918 0.0277759 111.889 0.573479 -0.817922 -0.0461123 197.548 0.0492293 -0.0217789 0.99855 0.0493826
-0.752411 -0.658409 0.0193756 110.769 0.657173 -0.752346 -0.0458178 198.402 0.044744 -0.0217407 0.998762 0.159502
-0.609881 -0.792081 0.0255513 109.674 0.791467 -0.610415 -0.0312253 199.598 0.0403298 0.00117934 0.999186 0.263717
-0.389409 -0.920924 0.0161304 108.915 0.920657 -0.389698 -0.0229518 201.062 0.0274229 0.00591291 0.999606 0.330814
-0.0877474 -0.995889 0.0224995 108.579 0.995616 -0.0884129 -0.0305184 202.892 0.0323821 0.019723 0.999281 0.390123
0.157178 -0.986969 0.0344693 108.844 0.987384 0.156374 -0.0249193 204.7 0.0192045 0.0379512 0.999095 0.410156
0.305539 -0.951528 0.0352287 109.274 0.951937 0.304416 -0.0338799 206.238 0.0215135 0.0438871 0.998805 0.44498
0.410551 -0.91097 0.0397667 109.96 0.911754 0.409534 -0.0314093 207.887 0.0123271 0.0491526 0.998715 0.460158
0.471561 -0.880687 0.0449486 110.783 0.881795 0.470455 -0.0333089 209.656 0.00818845 0.0553426 0.998434 0.516171
0.498487 -0.865665 0.0462188 111.755 0.866855 0.497223 -0.036499 211.38 0.0086148 0.0582592 0.998264 0.535331
0.511465 -0.857944 0.0483356 112.826 0.859263 0.51008 -0.0385428 213.26 0.00841251 0.0612463 0.998087 0.538283
0.514638 -0.856155 0.0463237 113.58 0.857384 0.513472 -0.0352076 214.571 0.00635718 0.0578364 0.998306 0.594298
0.515162 -0.855467 0.0527664 114.367 0.857085 0.513915 -0.0360079 215.89 0.00368608 0.0637752 0.997957 0.591798
0.512696 -0.856841 0.0544639 115.181 0.858546 0.511171 -0.0400345 217.254 0.00646278 0.0672853 0.997713 0.590395
0.511179 -0.858263 0.0456194 116.004 0.859371 0.509575 -0.0426071 218.687 0.0133216 0.0609839 0.99805 0.591358
0.511295 -0.858604 0.0371049 116.874 0.859341 0.51025 -0.0343422 220.18 0.0105536 0.0494447 0.998721 0.638085
0.510166 -0.858333 0.0547318 117.796 0.860052 0.509594 -0.0249906 221.725 -0.00644073 0.0598215 0.998188 0.604635
0.509507 -0.857901 0.0663985 118.722 0.860464 0.50781 -0.041606 223.256 0.00197599 0.0783321 0.996925 0.615456
0.507671 -0.859953 0.0524563 119.665 0.861434 0.505656 -0.0473651 224.899 0.0142069 0.0692335 0.997499 0.638926
0.506957 -0.860412 0.0518348 120.642 0.861869 0.50505 -0.0459015 226.568 0.013315 0.0679449 0.9976 0.68175
0.506075 -0.860624 0.0566881 121.629 0.862484 0.504733 -0.0369776 228.284 0.00321146 0.067606 0.997707 0.706052
0.506522 -0.860069 0.0609616 122.636 0.862224 0.505433 -0.0332684 229.989 -0.00219887 0.0694138 0.997586 0.725014
0.506184 -0.860399 0.0590943 123.628 0.862409 0.504561 -0.0408501 231.731 0.00533067 0.0716411 0.997416 0.723571
0.505522 -0.860969 0.0564016 124.728 0.862762 0.503691 -0.0440187 233.592 0.00948968 0.0709135 0.997437 0.786594
0.502333 -0.862673 0.0587903 125.77 0.864655 0.500708 -0.040784 235.378 0.00574649 0.0713205 0.997437 0.83213
0.499515 -0.863625 0.0680986 126.789 0.866267 0.497207 -0.0486513 237.176 0.00815735 0.0832936 0.996492 0.809297
0.49667 -0.866126 0.0560774 127.841 0.867791 0.49435 -0.0505719 239.052 0.0160797 0.0737809 0.997145 0.904104
0.494283 -0.86824 0.0429457 128.901 0.869188 0.49282 -0.0405041 240.916 0.0140028 0.0573484 0.998256 1.00479
0.491521 -0.870015 0.038472 129.973 0.870849 0.490763 -0.0278078 242.757 0.00531259 0.0471715 0.998873 1.06796
0.490059 -0.870928 0.0364261 130.977 0.871667 0.489319 -0.0276438 244.597 0.00625178 0.0452985 0.998954 1.11303
0.490542 -0.870693 0.0355312 131.977 0.871345 0.489567 -0.0328928 246.408 0.0112446 0.0470953 0.998827 1.14456
0.490247 -0.871083 0.0295474 132.983 0.871415 0.489204 -0.0362681 248.242 0.0171378 0.0435284 0.998905 1.19108
0.491006 -0.870677 0.0288836 133.988 0.871067 0.49021 -0.0306199 250.04 0.012501 0.0401941 0.999114 1.24846
0.492166 -0.869961 0.030664 134.978 0.870453 0.491462 -0.0278744 251.849 0.00917943 0.0404104 0.999141 1.29104
0.492658 -0.869553 0.0341458 135.938 0.870222 0.492217 -0.0208969 253.582 0.00136381 0.0400095 0.999198 1.2944
0.49327 -0.869133 0.0359642 136.96 0.869868 0.492657 -0.0248898 255.395 0.00391454 0.0435615 0.999043 1.31162
0.494336 -0.868946 0.0237644 137.904 0.869176 0.493693 -0.0283043 257.118 0.0128626 0.0346473 0.999317 1.38735
0.494615 -0.868942 0.0171922 138.913 0.868962 0.494065 -0.0283834 258.893 0.0161694 0.0289782 0.999449 1.44462
0.494163 -0.869184 0.017949 139.909 0.869268 0.493683 -0.0255032 260.726 0.0133059 0.0282052 0.999514 1.49488
0.494327 -0.869045 0.0200675 140.92 0.86921 0.493872 -0.0237863 262.523 0.0107606 0.0292011 0.999516 1.54736
0.495214 -0.868503 0.0216042 141.944 0.868695 0.494689 -0.0255285 264.324 0.0114842 0.0314096 0.999441 1.56625
0.496959 -0.867617 0.0165072 142.968 0.867694 0.496565 -0.0230107 266.148 0.0117676 0.0257585 0.999599 1.64501
0.49736 -0.867228 0.0234247 144.02 0.867477 0.496803 -0.0259148 268.021 0.0108365 0.0332094 0.99939 1.66662
0.49819 -0.86675 0.0234917 145.082 0.866944 0.497477 -0.0304183 269.869 0.0146785 0.0355201 0.999261 1.7028
0.497214 -0.867466 0.016792 146.08 0.867462 0.496647 -0.0291746 271.688 0.0169683 0.0290725 0.999433 1.75015
0.498007 -0.866881 0.0225175 147.172 0.867119 0.497518 -0.0240963 273.611 0.00968577 0.0315255 0.999456 1.79799
0.498134 -0.866795 0.0230078 148.257 0.867079 0.497761 -0.02019 275.518 0.00604816 0.0300069 0.999531 1.82534
0.497571 -0.866919 0.0295795 149.299 0.867394 0.496988 -0.0251082 277.374 0.00706614 0.0381502 0.999247 1.8667
0.497513 -0.866736 0.0353641 150.359 0.86739 0.496554 -0.0326927 279.219 0.0107758 0.0469395 0.99884 1.8891
0.496951 -0.867091 0.0345466 151.432 0.86773 0.496109 -0.030349 281.103 0.00917644 0.0450591 0.998942 1.94274
0.496937 -0.866962 0.0378296 152.526 0.867781 0.496312 -0.025104 282.948 0.00298886 0.0453029 0.998969 2.01174
0.496519 -0.866886 0.0444712 153.556 0.867972 0.495262 -0.0366242 284.726 0.00972416 0.0567844 0.998339 2.02236
0.495852 -0.867366 0.0425046 154.598 0.868324 0.494535 -0.038053 286.547 0.0119858 0.0557764 0.998371 2.07908
0.493753 -0.868618 0.0413638 155.585 0.869568 0.492752 -0.0323671 288.258 0.00773261 0.05195 0.99862 2.16234
0.492229 -0.868549 0.0577428 156.575 0.870465 0.491063 -0.0338816 290.005 0.00107246 0.0669406 0.997756 2.19537
0.490529 -0.869499 0.0579082 157.545 0.871414 0.489103 -0.0376428 291.718 0.00440734 0.0689269 0.997612 2.21546
0.488346 -0.870615 0.0595646 158.479 0.872615 0.486572 -0.0423226 293.432 0.00786419 0.072645 0.997327 2.22277
0.487345 -0.871393 0.056302 159.391 0.873182 0.485796 -0.0394548 295.06 0.00702936 0.06839 0.997634 2.25746
0.486554 -0.871708 0.058231 160.27 0.87364 0.485135 -0.037386 296.652 0.00433976 0.0690632 0.997603 2.30365
0.487102 -0.871693 0.0536968 161.172 0.873289 0.485453 -0.0412611 298.303 0.00989976 0.0669912 0.997704 2.3393
0.489626 -0.870214 0.0547138 162.003 0.871902 0.488117 -0.0391029 299.793 0.00732109 0.0668509 0.997736 2.38164
0.492452 -0.868243 0.0603727 162.785 0.870325 0.490857 -0.0399241 301.186 0.00502948 0.0722046 0.997377 2.41766
0.494938 -0.866707 0.0620949 163.583 0.86892 0.493364 -0.0396199 302.623 0.00370347 0.073565 0.997284 2.42978
0.497858 -0.865148 0.0604721 164.295 0.867259 0.496667 -0.0344183 303.871 -0.000257591 0.0695804 0.997576 2.48819
0.501862 -0.862713 0.0621339 165.32 0.864933 0.500126 -0.0420236 305.627 0.00517953 0.0748316 0.997183 2.53516
0.504669 -0.861582 0.0546521 166.249 0.863284 0.503119 -0.0401593 307.228 0.00710399 0.0674473 0.997698 2.55969
0.498488 -0.864771 0.0606703 167.047 0.866883 0.496859 -0.0405597 308.675 0.00493024 0.0728126 0.997333 2.59494
0.463989 -0.884245 0.053151 167.946 0.885714 0.462069 -0.0447649 310.296 0.0150237 0.067847 0.997583 2.6391
0.382794 -0.922457 0.0504139 168.496 0.92365 0.381059 -0.040795 312.017 0.0184209 0.0621809 0.997895 2.67395
0.232231 -0.971424 0.0490333 168.852 0.972415 0.230743 -0.0341642 313.695 0.0218739 0.0556147 0.998213 2.75846
-0.0239372 -0.999054 0.0363011 168.785 0.999571 -0.0245307 -0.0159927 315.841 0.0168681 0.0359027 0.999213 2.82388
-0.263754 -0.963729 0.0407594 168.404 0.964513 -0.264031 -0.00148174 317.66 0.0121897 0.0389221 0.999168 2.89299
-0.44822 -0.892137 0.0564848 167.78 0.893656 -0.448737 0.0038869 319.055 0.0218791 0.0522201 0.998396 2.9329
-0.622767 -0.780145 0.0594495 166.823 0.781332 -0.624095 -0.00498883 320.218 0.0409941 0.0433429 0.998219 2.98031
-0.764564 -0.642268 0.0541645 165.61 0.643432 -0.765483 0.00552821 321.247 0.0379114 0.0390778 0.998517 3.13813
-0.849595 -0.526698 0.0279053 164.211 0.526536 -0.850047 -0.013468 322.022 0.0308144 0.00325078 0.99952 3.15908
-0.885848 -0.463812 0.0123405 162.643 0.463601 -0.885887 -0.0166823 322.743 0.0186698 -0.00905692 0.999785 3.2195
-0.893555 -0.448037 0.028676 161.043 0.447018 -0.89381 -0.0357648 323.498 0.0416549 -0.0191391 0.998949 3.24238
-0.89115 -0.452816 0.0284541 159.234 0.452028 -0.891494 -0.030137 324.38 0.0390132 -0.0139945 0.999141 3.30399
-0.888042 -0.458937 0.0275487 157.908 0.458154 -0.888352 -0.0304164 325.004 0.0384322 -0.0143894 0.999158 3.40864
-0.883344 -0.468077 0.024639 155.915 0.46702 -0.883394 -0.0388264 325.97 0.0399396 -0.0227901 0.998942 3.50337
-0.878383 -0.477514 0.0206008 154.549 0.476521 -0.878268 -0.0396746 326.707 0.0370382 -0.0250328 0.999 3.55769
-0.874382 -0.484981 0.0158125 153.13 0.484131 -0.874123 -0.0390707 327.472 0.0327706 -0.0265074 0.999111 3.6294
-0.870841 -0.491126 0.0207594 151.643 0.490171 -0.870776 -0.0384892 328.296 0.0369799 -0.0233423 0.999043 3.70447
-0.867999 -0.496357 0.0144175 150.177 0.495481 -0.867655 -0.0409087 329.112 0.0328147 -0.0283651 0.999059 3.75223
-0.864502 -0.502599 0.00545904 148.596 0.502121 -0.864066 -0.035564 330.002 0.0225914 -0.028004 0.999353 3.8522
-0.862259 -0.506299 0.0130936 147.062 0.506074 -0.862319 -0.017159 330.903 0.0199785 -0.00816912 0.999767 3.93643
-0.860734 -0.508692 0.0192462 145.473 0.508225 -0.860874 -0.0245868 331.81 0.0290757 -0.0113812 0.999512 3.96441
-0.860684 -0.508793 0.0187627 143.861 0.508213 -0.860757 -0.0285872 332.768 0.0306951 -0.0150691 0.999415 4.06387
-0.861596 -0.507371 0.0150632 142.268 0.506914 -0.861598 -0.0262151 333.718 0.0262793 -0.0149511 0.999543 4.09601
-0.862771 -0.505505 0.00954651 140.699 0.505014 -0.862531 -0.0316324 334.615 0.0242245 -0.0224704 0.999454 4.16952
-0.8638 -0.503709 0.0112228 139.127 0.50332 -0.86371 -0.0259614 335.502 0.0227702 -0.0167768 0.9996 4.2304
-0.865226 -0.50119 0.0138569 137.506 0.500733 -0.865182 -0.0269514 336.427 0.0254965 -0.0163804 0.999541 4.34117
-0.869279 -0.494197 0.0111101 135.893 0.493718 -0.869108 -0.0298987 337.334 0.0244318 -0.0205051 0.999491 4.36357
-0.873006 -0.487687 0.0047958 134.349 0.487438 -0.872805 -0.0247943 338.207 0.0162776 -0.0193079 0.999681 4.43228
-0.875433 -0.483236 0.00996834 132.726 0.482872 -0.875308 -0.0259097 339.082 0.0212459 -0.0178688 0.999615 4.49063
-0.876818 -0.480689 0.0113116 131.147 0.48009 -0.876538 -0.0345601 339.952 0.0265277 -0.0248723 0.999339 4.54996
-0.877792 -0.479028 0.00372119 129.594 0.478511 -0.877157 -0.0402852 340.74 0.0225618 -0.0335813 0.999181 4.59196
-0.877039 -0.480322 0.00968797 127.976 0.479811 -0.876764 -0.0326532 341.628 0.0241781 -0.0239897 0.99942 4.65762
-0.873777 -0.486279 0.00681462 126.485 0.485636 -0.873196 -0.0410606 342.437 0.0259174 -0.0325683 0.999133 4.71096
-0.869531 -0.493871 0.002514 124.886 0.493289 -0.868732 -0.0443946 343.325 0.0241092 -0.0373624 0.999011 4.79028
-0.864587 -0.502478 0.00245078 123.297 0.502046 -0.864028 -0.0374873 344.189 0.0209541 -0.0311806 0.999294 4.82878
-0.859111 -0.511773 0.0041413 121.813 0.51133 -0.858653 -0.0354421 345.09 0.0216943 -0.0283311 0.999363 4.87406
-0.854105 -0.520053 0.00710166 120.297 0.519455 -0.853645 -0.0381703 346.011 0.0259129 -0.0289124 0.999246 4.9248
-0.848343 -0.529395 0.00741241 118.844 0.528773 -0.847887 -0.0385621 346.926 0.0266995 -0.0287944 0.999229 5.01622
-0.842992 -0.537903 0.00503179 117.362 0.537371 -0.842509 -0.0375731 347.825 0.02445 -0.0289699 0.999281 5.0546
-0.839095 -0.543954 0.00582643 115.853 0.54349 -0.83874 -0.0336825 348.798 0.0232086 -0.0250962 0.999416 5.08011
-0.836185 -0.548418 0.00563344 114.428 0.548029 -0.835905 -0.030463 349.725 0.0214155 -0.0223854 0.99952 5.14554
-0.834797 -0.55044 0.0114067 113.139 0.549987 -0.834695 -0.0282498 350.579 0.025071 -0.0173093 0.999536 5.18001
-0.834738 -0.550464 0.0142125 111.889 0.550015 -0.834738 -0.0263706 351.402 0.0263798 -0.0141954 0.999551 5.26814
-0.836554 -0.547524 0.0198607 110.666 0.54717 -0.836765 -0.0207352 352.235 0.0279717 -0.0064789 0.999588 5.31716
-0.842968 -0.537707 0.0166464 109.013 0.537421 -0.843103 -0.0188692 353.341 0.0241807 -0.00696002 0.999683 5.41662
-0.853692 -0.52021 0.0243348 107.471 0.519948 -0.854037 -0.0165643 354.267 0.0293997 -0.00148798 0.999567 5.52108
-0.864728 -0.501665 0.0240457 105.917 0.501469 -0.865062 -0.0140215 355.158 0.0278352 -6.66113e-05 0.999613 5.59511
-0.874525 -0.483907 0.0322498 104.369 0.483612 -0.875119 -0.0169123 356.002 0.0364064 0.000806171 0.999337 5.68521
-0.882553 -0.468659 0.0382072 102.781 0.468301 -0.883378 -0.0183765 356.809 0.0423637 0.00167429 0.999101 5.7425
-0.888784 -0.45681 0.037245 101.204 0.456314 -0.889562 -0.0213669 357.639 0.0428924 -0.00199515 0.999078 5.83595
-0.893077 -0.448338 0.0375122 99.5298 0.447488 -0.893817 -0.0290786 358.456 0.0465661 -0.00918318 0.998873 5.95898
-0.894285 -0.44599 0.0367046 97.8244 0.445173 -0.894992 -0.0284878 359.299 0.0455556 -0.00913635 0.99892 6.00329
-0.894118 -0.447305 0.0216941 95.9547 0.446852 -0.894318 -0.0227904 360.202 0.0295957 -0.0106832 0.999505 6.10151
-0.892435 -0.451139 0.00590319 94.6596 0.450962 -0.892337 -0.0191781 360.836 0.0139196 -0.0144531 0.999799 6.18818
-0.886728 -0.461582 0.0255834 92.7062 0.460581 -0.88685 -0.036913 361.815 0.039727 -0.0209486 0.998991 6.24256
-0.882847 -0.469645 0.00389746 91.2981 0.469404 -0.882607 -0.0257727 362.562 0.015544 -0.0209239 0.99966 6.28302
-0.879835 -0.47519 0.00920508 89.8094 0.474948 -0.87978 -0.0203049 363.339 0.0177471 -0.013493 0.999751 6.32975
-0.875227 -0.48285 0.0288904 88.3945 0.481918 -0.875563 -0.0338493 364.086 0.0416394 -0.015703 0.999009 6.39611
-0.870662 -0.491822 0.00763659 86.8278 0.491087 -0.870034 -0.0433055 364.921 0.0279427 -0.0339542 0.999033 6.42266
-0.863784 -0.503653 0.0145441 85.2258 0.502687 -0.86338 -0.0433704 365.84 0.0344007 -0.0301515 0.998953 6.47105
-0.855207 -0.517088 0.0352324 83.6134 0.515277 -0.855589 -0.0495719 366.777 0.0557775 -0.0242398 0.998149 6.5776
-0.849502 -0.527188 0.0204754 82.0035 0.525998 -0.849316 -0.0445896 367.76 0.0408972 -0.0271089 0.998796 6.60331
-0.842233 -0.538786 0.0188068 80.3335 0.538331 -0.842378 -0.0244921 368.845 0.0290384 -0.0105038 0.999523 6.71714
-0.839489 -0.542724 0.026625 78.6747 0.542206 -0.839889 -0.0244903 369.938 0.0356535 -0.00612313 0.999345 6.80783
-0.839184 -0.543249 0.0255107 76.9923 0.542794 -0.839555 -0.0228742 371.004 0.033844 -0.0053486 0.999413 6.89968
-0.840624 -0.541311 0.0182737 75.2946 0.54077 -0.840717 -0.0276022 372.113 0.0303044 -0.0133211 0.999452 6.97029
-0.844002 -0.535927 0.0210768 73.5714 0.535584 -0.844247 -0.0199447 373.196 0.0284829 -0.00554491 0.999579 7.04536
-0.847289 -0.529934 0.0356567 71.8866 0.529577 -0.848036 -0.0195722 374.237 0.0406101 0.00229968 0.999172 7.13919
-0.851456 -0.523537 0.0305321 70.1944 0.523077 -0.851998 -0.0221374 375.239 0.0376031 -0.00287837 0.999289 7.18121
-0.85472 -0.518228 0.0298799 68.4736 0.518118 -0.855226 -0.011938 376.283 0.0317407 0.00527763 0.999482 7.31138
-0.856719 -0.514761 0.0324598 66.7926 0.514451 -0.857333 -0.0179256 377.266 0.0370563 0.00134173 0.999312 7.41543
-0.858739 -0.511378 0.032577 65.1082 0.510794 -0.859343 -0.0248882 378.232 0.0407221 -0.00473233 0.999159 7.49307
-0.86094 -0.507919 0.0282779 63.4444 0.50751 -0.861398 -0.0206954 379.22 0.0348701 -0.00346616 0.999386 7.5565
-0.864962 -0.501389 0.0212076 61.7574 0.501301 -0.865219 -0.00969405 380.171 0.0232097 0.00224638 0.999728 7.64068
-0.867642 -0.496301 0.0297076 60.0896 0.496283 -0.868119 -0.00850262 381.142 0.0300096 0.00736617 0.999523 7.77416
-0.869552 -0.492635 0.0344827 58.3946 0.49205 -0.870226 -0.0243746 382.109 0.0420155 -0.00422773 0.999108 7.76851
-0.871645 -0.489386 0.0271406 56.7244 0.489312 -0.872054 -0.00976143 383.064 0.0284452 0.00477175 0.999584 7.94243
-0.872913 -0.48708 0.0278431 55.0936 0.487236 -0.87327 -0.00134628 383.968 0.0249703 0.012391 0.999611 8.01745
-0.872252 -0.488485 0.0236281 53.4225 0.48848 -0.872552 -0.00640479 384.908 0.0237454 0.00595527 0.9997 8.09685
