0.47876 -0.876917 0.0424876 -0.691423 0.877945 0.47813 -0.0245935 -0.545059 0.00125186 0.0490762 0.998794 -0.787702
0.476842 -0.878185 0.0376056 0.147644 0.878984 0.476252 -0.0239065 1.03877 0.00308459 0.0444544 0.999007 -0.777644
0.474162 -0.879588 0.038683 1.00124 0.880437 0.473668 -0.021651 2.64093 0.00072103 0.044324 0.999017 -0.760473
0.471604 -0.880921 0.0396032 1.85676 0.88181 0.471069 -0.0224887 4.24879 0.00115484 0.0455283 0.998962 -0.744873
0.470181 -0.881634 0.0406384 2.72274 0.88257 0.469678 -0.0217513 5.8889 8.97291e-05 0.0460933 0.998937 -0.728545
0.470807 -0.881242 0.0418711 3.59531 0.882209 0.470634 -0.0145062 7.56155 -0.00692249 0.0437687 0.999018 -0.717585
0.472982 -0.879825 0.046856 4.48016 0.881003 0.472941 -0.0126709 9.21623 -0.0110119 0.0472734 0.998821 -0.715773
0.475628 -0.878519 0.0445191 5.37452 0.879635 0.475271 -0.0189672 10.9069 -0.00449554 0.0481819 0.998828 -0.713446
0.47759 -0.877621 0.0410948 6.29052 0.878579 0.477196 -0.0195628 12.5972 -0.00244148 0.045448 0.998964 -0.710437
0.476532 -0.877693 0.0507181 7.21789 0.87909 0.476415 -0.0151387 14.3099 -0.0108758 0.0517998 0.998598 -0.713052
0.474508 -0.878092 0.0616117 8.16151 0.880221 0.473909 -0.0249379 16.0369 -0.00730049 0.0660651 0.997789 -0.712358
0.471571 -0.879929 0.0578496 9.09236 0.881825 0.470739 -0.0281032 17.795 -0.00250321 0.0642658 0.99793 -0.713895
0.469534 -0.881193 0.055112 10.0286 0.882892 0.469054 -0.0221372 19.5743 -0.00634338 0.0590522 0.998235 -0.69688
0.467613 -0.882364 0.0526434 10.9791 0.883883 0.467391 -0.0172152 21.3526 -0.00941494 0.0545807 0.998465 -0.711443
0.468061 -0.882218 0.0510985 11.9308 0.883555 0.468238 -0.0091949 23.1935 -0.0158144 0.0494521 0.998651 -0.704246
0.466957 -0.882812 0.0509286 12.8271 0.884163 0.467059 -0.0106159 24.8981 -0.0144148 0.0499863 0.998646 -0.719436
0.466712 -0.883043 0.0491414 13.6981 0.884334 0.466677 -0.0129002 26.6985 -0.0115417 0.0494781 0.998709 -0.74994
0.464533 -0.884077 0.0511617 14.6085 0.88544 0.464631 -0.0106817 28.4021 -0.0143279 0.0502626 0.998633 -0.752159
0.463867 -0.884455 0.0506709 15.5275 0.885871 0.463594 -0.0177308 30.2014 -0.0078086 0.0531125 0.998558 -0.756664
0.463369 -0.885068 0.0440967 16.4062 0.886124 0.463257 -0.0133542 31.887 -0.00860876 0.0452631 0.998938 -0.759056
0.462707 -0.884836 0.054468 17.3218 0.886414 0.462692 -0.0136603 33.6318 -0.0131148 0.0546019 0.998422 -0.753916
0.461822 -0.885154 0.0567689 18.2274 0.886904 0.461634 -0.0171605 35.333 -0.0110168 0.0582737 0.99824 -0.741614
0.461704 -0.885313 0.0552331 19.1099 0.886919 0.461751 -0.0126763 37.0778 -0.0142814 0.05484 0.998393 -0.713569
0.458763 -0.886217 0.0644736 20.0114 0.888293 0.459191 -0.00887899 38.7223 -0.021737 0.0613448 0.99788 -0.739259
0.456622 -0.887472 0.0623702 20.8388 0.889565 0.456481 -0.0173228 40.3732 -0.0130973 0.0633923 0.997903 -0.785623
0.456153 -0.888674 0.0467299 21.6629 0.88987 0.455951 -0.0155174 42.005 -0.00751662 0.0486618 0.998787 -0.773128
0.454182 -0.889837 0.0436986 22.4338 0.890843 0.454199 -0.0101106 43.5984 -0.0108511 0.0435206 0.998994 -0.756041
0.450924 -0.891578 0.0419144 23.2344 0.892487 0.450999 -0.00818305 45.1504 -0.0116075 0.041098 0.999088 -0.744538
0.44939 -0.892314 0.0427243 23.9292 0.893251 0.449493 -0.00771475 46.6159 -0.0123203 0.0416304 0.999057 -0.729436
0.446997 -0.893712 0.038369 24.7023 0.894403 0.447258 -0.00196682 48.1083 -0.0154031 0.0351965 0.999262 -0.712949
0.443727 -0.895275 0.0398703 25.3859 0.895896 0.44424 0.00458369 49.488 -0.0218156 0.0336858 0.999194 -0.741099
0.441736 -0.896434 0.0357317 26.3117 0.897133 0.441586 -0.0124091 51.4574 -0.00465469 0.0375377 0.999284 -0.724708
0.438785 -0.898069 0.0306495 27.2085 0.898553 0.43883 -0.0056308 53.3433 -0.00839307 0.0300109 0.999514 -0.692831
0.439014 -0.897828 0.0342226 28.0301 0.898476 0.438567 -0.0200146 54.9474 0.00296076 0.0395349 0.999214 -0.681908
0.449436 -0.892856 0.0285461 28.7814 0.893311 0.449267 -0.0124534 56.5152 -0.00170572 0.0310976 0.999515 -0.664282
0.470298 -0.881479 0.0426026 29.5414 0.882429 0.470352 -0.00935823 57.9197 -0.0117891 0.0419949 0.999048 -0.624043
0.539553 -0.841125 0.0372984 30.5057 0.841757 0.539852 -0.00238447 59.5461 -0.01813 0.0326827 0.999301 -0.627028
0.65392 -0.755469 0.0406937 31.5517 0.756051 0.654511 0.00162916 60.9079 -0.0278652 0.0297011 0.99917 -0.633858
0.795256 -0.605147 0.0369566 32.8101 0.605547 0.795809 0.000454662 61.9396 -0.0296855 0.0220174 0.999317 -0.670757
0.923895 -0.380935 0.0361478 34.1073 0.38132 0.924434 -0.00416444 62.6448 -0.0318299 0.0176314 0.999338 -0.702022
0.995824 -0.0819454 0.0402511 36.0064 0.0823822 0.996557 -0.0093116 62.898 -0.0393495 0.0125887 0.999146 -0.742761
0.983737 0.175443 0.0384985 37.8842 -0.174695 0.984376 -0.0220275 62.7509 -0.0417616 0.0149438 0.999016 -0.845695
0.942691 0.331946 0.0338348 39.7857 -0.331848 0.943293 -0.00865422 62.2501 -0.0347889 -0.00306974 0.99939 -0.865107
0.911977 0.409902 0.0166902 41.3759 -0.409755 0.912122 -0.0115994 61.5546 -0.0199781 0.00373948 0.999793 -0.917178
0.888247 0.458539 0.0275511 43.0894 -0.4583 0.888674 -0.0148315 60.6755 -0.0312848 0.000547339 0.99951 -0.978713
0.877117 0.479816 0.0210141 44.4856 -0.479388 0.877317 -0.0224223 59.8906 -0.0291945 0.00959306 0.999528 -1.00609
0.869873 0.492946 0.018035 46.0205 -0.492441 0.869947 -0.0263728 59.0381 -0.0286899 0.0140598 0.999489 -1.06705
0.865445 0.500673 0.0181803 47.6779 -0.500169 0.865528 -0.0263101 58.0848 -0.0289083 0.0136767 0.999489 -1.1071
0.866931 0.498276 0.0123476 49.4748 -0.49758 0.866634 -0.0368638 57.0352 -0.0290692 0.0258144 0.999244 -1.1641
0.872046 0.489227 0.0138714 50.743 -0.488598 0.871871 -0.0333801 56.2643 -0.0284245 0.0223314 0.999346 -1.23455
0.87625 0.481619 0.0151451 52.0853 -0.480972 0.876113 -0.0330551 55.5194 -0.0291888 0.0216802 0.999339 -1.26395
0.879606 0.475215 0.0215404 53.4678 -0.474551 0.879726 -0.0297459 54.8366 -0.0330853 0.0159426 0.999325 -1.30941
0.883066 0.468971 0.0161486 54.884 -0.468337 0.882973 -0.0319263 54.1041 -0.0292313 0.0206301 0.99936 -1.36646
0.883666 0.467842 0.0160841 56.3767 -0.467553 0.883766 -0.0187761 53.3552 -0.0229988 0.00907158 0.999694 -1.40742
0.88393 0.467242 0.018759 57.8847 -0.466974 0.884107 -0.0170419 52.5762 -0.0245477 0.0063039 0.999679 -1.43612
0.884054 0.466954 0.0200813 59.3104 -0.466625 0.88425 -0.0190464 51.8342 -0.0266507 0.00746758 0.999617 -1.4623
0.884058 0.466941 0.020206 60.7819 -0.466664 0.88427 -0.0170416 51.0951 -0.025825 0.00563633 0.999651 -1.50059
0.88285 0.469143 0.0219055 62.196 -0.469 0.883122 -0.0115831 50.3226 -0.0247794 -4.75708e-05 0.999693 -1.51079
0.878623 0.476698 0.0279352 63.6829 -0.476624 0.879054 -0.00966109 49.5746 -0.029162 -0.00482615 0.999563 -1.54695
0.871665 0.489055 0.0320425 65.0688 -0.489096 0.872202 -0.0070695 48.8005 -0.0314049 -0.00950964 0.999461 -1.56538
0.862938 0.504217 0.0332158 66.461 -0.504377 0.863475 -0.00400268 48.0029 -0.0306992 -0.0132992 0.99944 -1.61271
0.85243 0.521539 0.0368887 67.8391 -0.521875 0.853022 -0.000609057 47.2147 -0.0317846 -0.0187321 0.999319 -1.64984
0.839207 0.542367 0.0396089 69.1718 -0.542811 0.839855 0.000526743 46.3497 -0.03298 -0.0219422 0.999215 -1.65913
0.827496 0.560182 0.0380316 70.448 -0.560621 0.828072 0.00106939 45.5375 -0.0308938 -0.0222062 0.999276 -1.70013
0.81595 0.576826 0.0387002 71.7281 -0.577495 0.816354 0.00807032 44.6351 -0.0269379 -0.0289342 0.999218 -1.74294
0.804522 0.592869 0.0353664 72.9404 -0.593307 0.804973 0.00240044 43.7582 -0.0270459 -0.0229143 0.999372 -1.73239
