0.480165 -0.876048 0.0445138 -0.693922 0.877177 0.479629 -0.0227389 -0.545465 -0.00142977 0.0499649 0.99875 -0.78522
0.476829 -0.878179 0.037894 0.154818 0.878994 0.476286 -0.0228321 1.03189 0.00200228 0.0441956 0.999021 -0.778626
0.475404 -0.878955 0.0378096 0.984574 0.879766 0.47488 -0.022386 2.59259 0.0017213 0.043906 0.999034 -0.764051
0.473486 -0.879913 0.0395413 1.84845 0.880801 0.473004 -0.0213559 4.21855 8.80989e-05 0.0449397 0.99899 -0.744172
0.471064 -0.881201 0.0398013 2.70359 0.882098 0.470517 -0.0227388 5.84764 0.00131024 0.0458201 0.998949 -0.733217
0.470234 -0.881614 0.0404591 3.56935 0.882537 0.469898 -0.0180217 7.49311 -0.00312352 0.0441811 0.999019 -0.717854
0.471894 -0.880548 0.044173 4.45397 0.8816 0.471833 -0.0124327 9.14839 -0.00989467 0.0448098 0.998947 -0.714425
0.474903 -0.878795 0.0467685 5.34399 0.879994 0.474741 -0.0152304 10.8265 -0.00881852 0.048389 0.99879 -0.709908
0.477377 -0.877693 0.0420291 6.24085 0.878696 0.476943 -0.0204567 12.5106 -0.0020908 0.0466964 0.998907 -0.71638
0.477761 -0.877421 0.0433183 7.16488 0.878463 0.47755 -0.0157611 14.2136 -0.00685755 0.0455836 0.998937 -0.703384
0.475895 -0.87783 0.0542177 8.104 0.87944 0.475691 -0.0174372 15.9383 -0.010484 0.0559795 0.998377 -0.657162
0.473658 -0.878817 0.0576986 9.03958 0.880701 0.472915 -0.0267952 17.6711 -0.00373847 0.063507 0.997974 -0.688331
0.4711 -0.880522 0.0524033 9.9733 0.882076 0.470457 -0.0247557 19.4384 -0.00285559 0.057886 0.998319 -0.676092
0.46903 -0.882055 0.044611 10.8943 0.883156 0.468809 -0.0159507 21.2028 -0.00684462 0.0468798 0.998877 -0.65529
0.468428 -0.882329 0.0454985 11.8389 0.883409 0.468502 -0.00969035 22.9381 -0.0127661 0.044733 0.998917 -0.638335
0.467518 -0.883049 0.0406483 12.8051 0.88386 0.467728 -0.00475989 24.7576 -0.0148091 0.0381527 0.999162 -0.650733
0.467477 -0.882944 0.0433018 13.6874 0.883929 0.46752 -0.00976349 26.5267 -0.0116238 0.0428399 0.999014 -0.69062
0.466171 -0.883754 0.0407885 14.5865 0.884614 0.466257 -0.00794207 28.26 -0.0119991 0.0397844 0.999136 -0.667236
0.465083 -0.883929 0.0486607 15.5373 0.885184 0.465089 -0.0118926 30.0361 -0.0121193 0.0486047 0.998745 -0.713697
0.464097 -0.885005 0.0371627 16.4092 0.885771 0.463911 -0.01402 31.8124 -0.00483246 0.0394243 0.999211 -0.684644
0.463627 -0.885141 0.0396885 17.3389 0.885959 0.463695 -0.00804 33.4611 -0.0112868 0.03889 0.99918 -0.67724
0.463746 -0.884995 0.0415154 18.2306 0.885899 0.463785 -0.00927606 35.2334 -0.011045 0.0410802 0.999095 -0.665385
0.462138 -0.885642 0.0454683 19.1469 0.886747 0.462099 -0.0119944 36.8983 -0.0103881 0.045862 0.998894 -0.678315
0.461606 -0.885618 0.0509987 20.0636 0.886895 0.461934 -0.00586952 38.6116 -0.0183599 0.0479399 0.998681 -0.671757
0.459355 -0.886639 0.0535307 20.9003 0.888043 0.459722 -0.00596924 40.2775 -0.0193167 0.0502796 0.998548 -0.69436
0.457148 -0.88834 0.0432274 21.7625 0.889366 0.456956 -0.0147878 41.9165 -0.00661651 0.0452052 0.998956 -0.683403
0.455302 -0.889597 0.0363007 22.565 0.890294 0.455302 -0.00873361 43.5257 -0.00875841 0.0362947 0.999303 -0.7181
0.453629 -0.890502 0.0350289 23.3486 0.891128 0.453713 -0.0059736 45.1015 -0.0105735 0.033925 0.999368 -0.695218
0.450741 -0.892106 0.031292 24.1062 0.892576 0.450891 -0.00246966 46.6165 -0.0119061 0.0290436 0.999507 -0.666077
0.448749 -0.893206 0.0284159 24.8011 0.89357 0.448925 -0.000221947 48.0861 -0.0125584 0.0254912 0.999596 -0.640189
0.44646 -0.89417 0.0336654 25.493 0.894603 0.44684 0.00435179 49.5189 -0.0189343 0.0281742 0.999424 -0.679428
0.443137 -0.895837 0.0332558 26.2087 0.896264 0.443502 0.00415101 50.8991 -0.0184676 0.0279665 0.999438 -0.666236
0.441577 -0.89701 0.019572 27.1378 0.897217 0.44155 -0.00587672 52.8577 -0.00337057 0.0201554 0.999791 -0.652934
0.439541 -0.897966 0.0214584 28.0046 0.898201 0.439573 -0.00344277 54.6357 -0.00634106 0.0207872 0.999764 -0.618281
0.442757 -0.896362 0.0224177 28.7896 0.896639 0.442548 -0.0138114 56.2239 0.00245909 0.0262157 0.999653 -0.608957
0.454641 -0.890349 0.0240965 29.5578 0.890657 0.454636 -0.0059913 57.7543 -0.00562082 0.0241856 0.999692 -0.596833
0.484161 -0.874611 0.0253823 30.2897 0.874903 0.484298 -0.000823043 59.0895 -0.0115728 0.0226055 0.999677 -0.540596
0.566846 -0.823326 0.0286523 31.2663 0.823604 0.567155 0.0033728 60.6885 -0.0190272 0.0216863 0.999584 -0.531136
0.687461 -0.725539 0.0314588 32.4238 0.725742 0.687937 0.00654052 61.9519 -0.0263871 0.0183346 0.999484 -0.564196
0.831858 -0.554358 0.0264543 33.6327 0.554449 0.832206 0.00441273 62.905 -0.0244616 0.0109968 0.99964 -0.599652
0.946447 -0.321595 0.0285615 35.03 0.321686 0.946845 0.00146901 63.4861 -0.0275157 0.00779748 0.999591 -0.638041
0.999207 -0.0244911 0.0313949 36.8948 0.0245834 0.999695 -0.00255914 63.6488 -0.0313226 0.0033289 0.999504 -0.671823
0.976554 0.213029 0.0309948 38.7786 -0.212462 0.976952 -0.0206002 63.4 -0.0346689 0.013532 0.999307 -0.733141
0.934632 0.355046 0.020115 40.6858 -0.354962 0.934849 -0.00772997 62.8438 -0.021549 8.46148e-05 0.999768 -0.770128
0.905599 0.423965 0.0120539 42.2921 -0.42394 0.905678 -0.00468153 62.0963 -0.0129017 -0.000870544 0.999916 -0.78919
0.883479 0.468313 0.0121875 44.0569 -0.468121 0.883525 -0.0156908 61.2209 -0.0181162 0.00815719 0.999803 -0.821373
0.873524 0.486705 0.00861895 45.5296 -0.486491 0.873478 -0.019076 60.4567 -0.0168128 0.0124703 0.999781 -0.853594
0.867194 0.497913 0.00756978 47.1296 -0.497676 0.867103 -0.0212311 59.5293 -0.017135 0.0146442 0.999746 -0.903828
0.863555 0.504203 0.00724498 48.8053 -0.503957 0.863449 -0.0219809 58.5352 -0.0173385 0.0153305 0.999732 -0.935819
0.866417 0.499317 0.00235015 50.691 -0.49903 0.866061 -0.0301155 57.51 -0.0170725 0.0249197 0.999544 -0.965148
0.871475 0.490412 0.00525187 51.9653 -0.490139 0.871266 -0.0256826 56.7541 -0.0171708 0.0198076 0.999656 -1.0166
0.874879 0.484277 0.00791929 53.328 -0.483938 0.874701 -0.0265007 56.0122 -0.0197607 0.0193524 0.999617 -1.05509
0.878793 0.477134 0.00808645 54.7904 -0.476778 0.8786 -0.027314 55.2528 -0.0201372 0.0201479 0.999594 -1.09204
0.881847 0.471519 0.00400057 56.2735 -0.471351 0.881706 -0.0205674 54.4776 -0.0132252 0.0162516 0.99978 -1.10097
0.882368 0.470494 0.00786058 57.7098 -0.470432 0.882395 -0.00856176 53.7381 -0.0109644 0.00385675 0.999932 -1.10807
0.882193 0.470802 0.00898999 59.132 -0.470692 0.882216 -0.0119967 52.9698 -0.0135792 0.00635188 0.999888 -1.12479
0.882707 0.469786 0.0113389 60.6194 -0.469695 0.882774 -0.00983664 52.2234 -0.0146308 0.00335704 0.999887 -1.12048
0.882257 0.470638 0.011049 62.0897 -0.47061 0.882326 -0.00520895 51.4542 -0.0122004 -0.000604149 0.999925 -1.10728
0.879024 0.476554 0.0145772 63.4786 -0.476558 0.879136 -0.00341658 50.6937 -0.0144435 -0.00394364 0.999888 -1.12728
0.874068 0.485202 0.024182 64.924 -0.485452 0.874246 0.00546667 49.9416 -0.0184886 -0.0165175 0.999693 -1.13704
0.866524 0.498414 0.0268459 66.3593 -0.498793 0.866669 0.0095408 49.1176 -0.0185113 -0.0216579 0.999594 -1.13777
0.856254 0.515863 0.0267171 67.7132 -0.516184 0.856453 0.00643728 48.3354 -0.0195612 -0.0193029 0.999622 -1.15253
0.844608 0.534623 0.028563 69.1368 -0.534988 0.844834 0.00657166 47.4717 -0.0206177 -0.0208314 0.99957 -1.14748
0.831586 0.554767 0.0264179 70.4462 -0.555064 0.831793 0.00501669 46.6358 -0.0191911 -0.0188354 0.999638 -1.13827
0.820107 0.571755 0.0228183 71.7151 -0.571974 0.820262 0.00396758 45.7632 -0.0164485 -0.0163053 0.999732 -1.1564
0.808371 0.588302 0.0209032 72.9581 -0.588498 0.808488 0.00428623 44.893 -0.0143784 -0.0157663 0.999772 -1.16907
0.796965 0.603697 0.0199256 74.1618 -0.603802 0.797134 -0.000908978 43.9876 -0.0164321 -0.0113067 0.999801 -1.17258
0.789534 0.613193 0.0251233 75.3147 -0.61345 0.789727 0.00336177 43.1082 -0.0177791 -0.0180661 0.999679 -1.18012
0.785794 0.61795 0.0258139 76.4313 -0.618131 0.786075 -0.00123052 42.1956 -0.021052 -0.0149894 0.999666 -1.19868
0.784753 0.619469 0.0205013 78.0189 -0.619458 0.784992 -0.007677 40.9803 -0.0208491 -0.00667517 0.99976 -1.23562
0.794787 0.60666 0.0166503 79.4906 -0.606646 0.794946 -0.00645192 39.827 -0.0171502 -0.00497296 0.999841 -1.22303
0.819802 0.572402 0.0167274 80.8984 -0.572431 0.819946 -0.00352383 38.8395 -0.0157326 -0.00668643 0.999854 -1.23503
0.859665 0.510707 0.0123949 82.2493 -0.510791 0.859692 0.00469802 38.0383 -0.00825649 -0.0103699 0.999912 -1.21716
0.909685 0.415008 0.0155213 83.7264 -0.415075 0.909786 0.00123052 37.4875 -0.0136104 -0.0075619 0.999879 -1.24395
0.973041 0.229181 0.0258342 85.7109 -0.229369 0.973329 0.00451768 37.0775 -0.0241098 -0.0103214 0.999656 -1.24302
0.99937 -0.0333521 0.0121235 87.6973 0.0333358 0.999443 0.00153507 37.0917 -0.0121679 -0.00112995 0.999925 -1.25026
0.952201 -0.30527 0.0111062 89.5043 0.305282 0.952262 0.000686465 37.6148 -0.0107856 0.00273687 0.999938 -1.29188
0.844593 -0.534743 0.0267131 91.0685 0.534681 0.844995 0.00999776 38.5438 -0.0279187 0.00583898 0.999593 -1.25275
0.743426 -0.668528 0.0197199 92.4117 0.668221 0.743685 0.0203348 39.7148 -0.0282598 -0.00194018 0.999599 -1.33868
0.699228 -0.714673 0.0179791 93.7812 0.714307 0.699451 0.0231182 41.0505 -0.0290974 -0.00332236 0.999571 -1.33098
0.693528 -0.72043 -0.000311814 94.9054 0.720213 0.693309 0.024797 42.2953 -0.0176483 -0.017422 0.999692 -1.36014
0.702797 -0.711373 -0.00506657 96.0401 0.711326 0.70262 0.018454 43.5098 -0.00956781 -0.0165734 0.999817 -1.43639
0.712597 -0.701556 -0.00510568 97.3473 0.701443 0.712304 0.024499 44.8345 -0.0135506 -0.0210392 0.999687 -1.41657
0.72041 -0.693471 0.0103306 98.708 0.693059 0.720382 0.0268298 46.159 -0.0260477 -0.0121687 0.999587 -1.48797
0.719464 -0.694529 0.000851329 100.187 0.694465 0.719414 0.0127282 47.6009 -0.00945253 -0.00856623 0.999919 -1.4698
0.71561 -0.698453 -0.00814841 101.223 0.698435 0.715336 0.0219914 48.5841 -0.0095311 -0.0214284 0.999725 -1.51022
0.711701 -0.702466 0.00482249 102.256 0.702253 0.711627 0.0206852 49.5952 -0.0179625 -0.0113351 0.999774 -1.51228
0.709288 -0.704914 0.00250653 103.298 0.704761 0.709201 0.0185987 50.6628 -0.0148881 -0.0114254 0.999824 -1.50927
0.704165 -0.710008 -0.00643978 104.366 0.709988 0.70398 0.0181569 51.7654 -0.00835805 -0.0173576 0.999814 -1.54598
0.698613 -0.715498 -0.0016272 105.484 0.715428 0.698508 0.0157979 52.9391 -0.0101668 -0.0122008 0.999874 -1.56384
0.695094 -0.718913 -0.00296966 106.649 0.718804 0.694904 0.0207242 54.075 -0.0128353 -0.0165399 0.999781 -1.61421
0.696311 -0.717714 0.00616616 107.792 0.717586 0.696314 0.0147345 55.2877 -0.0148687 -0.005835 0.999872 -1.60395
0.695809 -0.718225 -0.00135622 108.928 0.718131 0.695685 0.0176215 56.5083 -0.0117127 -0.0132352 0.999844 -1.60397
0.698043 -0.715952 -0.0122194 110.14 0.715948 0.69754 0.0292702 57.733 -0.0124326 -0.0291803 0.999497 -1.60912
0.702126 -0.711982 -0.0100113 111.306 0.711949 0.701716 0.0268893 58.9818 -0.0121196 -0.0260073 0.999588 -1.59299
0.705263 -0.708887 -0.00911311 112.523 0.708876 0.704956 0.0230464 60.2021 -0.00991295 -0.0227138 0.999693 -1.64341
0.705884 -0.708323 -0.00251289 113.75 0.708251 0.705752 0.0171665 61.3973 -0.010386 -0.0138973 0.999849 -1.62467
0.706441 -0.707769 -0.00195237 114.922 0.707577 0.70618 0.025395 62.6189 -0.0165951 -0.0193215 0.999676 -1.58295
0.708509 -0.705696 -0.00296597 116.182 0.70555 0.708263 0.0237425 63.8626 -0.0146543 -0.0189144 0.999714 -1.62439
0.709373 -0.704748 -0.0109595 117.33 0.704815 0.70938 0.00392807 65.0372 0.00500618 -0.0105109 0.999932 -1.61904
0.707934 -0.706275 0.00236914 118.536 0.70616 0.707873 0.0159696 66.2561 -0.012956 -0.00963245 0.99987 -1.62924
0.705092 -0.708879 0.0183409 119.747 0.708325 0.705291 0.0289778 67.4581 -0.0334774 -0.00744064 0.999412 -1.66065
0.704077 -0.710108 -0.00464766 120.852 0.710088 0.703961 0.0146198 68.6132 -0.00710989 -0.0135937 0.999882 -1.66014
0.700575 -0.713579 -0.000145897 122.006 0.713526 0.700521 0.0123027 69.7817 -0.00867673 -0.00872304 0.999924 -1.6214
0.694736 -0.719264 -0.000700194 123.139 0.719234 0.694698 0.00987624 70.9886 -0.00661721 -0.00736498 0.999951 -1.62293
0.690169 -0.723625 -0.00583319 124.245 0.723628 0.690066 0.0130711 72.155 -0.00543329 -0.0132423 0.999898 -1.59392
0.687779 -0.725915 -0.0027944 125.375 0.725848 0.687651 0.0167417 73.384 -0.0102315 -0.0135429 0.999856 -1.58886
0.684779 -0.728748 -0.00208349 126.473 0.728706 0.684703 0.0129977 74.5413 -0.0080455 -0.0104188 0.999913 -1.62516
0.676732 -0.736226 0.0022972 127.588 0.736216 0.676735 0.00396775 75.7366 -0.00447577 -0.000993859 0.999989 -1.59274
0.667503 -0.744513 0.0118601 128.667 0.744459 0.667603 0.00931107 76.9366 -0.01485 0.00261417 0.999886 -1.5843
0.661063 -0.75014 0.0168951 129.743 0.74976 0.661271 0.0241161 78.141 -0.0292627 -0.00327503 0.999566 -1.62771
0.652737 -0.757554 0.00679015 130.774 0.75746 0.652766 0.0123195 79.3552 -0.0137651 -0.00289816 0.999901 -1.62126
0.642772 -0.766018 0.00780253 131.836 0.766021 0.642807 0.0032097 80.6381 -0.00747422 0.00391381 0.999964 -1.64864
0.630848 -0.775904 0.00202752 132.861 0.775849 0.630831 0.0104878 81.8969 -0.0094166 -0.00504319 0.999943 -1.66024
0.616892 -0.787003 -0.00846628 133.837 0.787048 0.616848 0.00740304 83.1878 -0.00060381 -0.0112302 0.999937 -1.66369
0.603451 -0.797362 -0.00784699 134.835 0.797362 0.603296 0.0157329 84.5229 -0.00781076 -0.0157509 0.999845 -1.6464
0.590823 -0.806801 -0.000255466 135.831 0.806592 0.590662 0.022998 85.8738 -0.0184039 -0.0137938 0.999736 -1.661
0.582506 -0.812824 -0.00190338 136.771 0.812601 0.582287 0.0249343 87.1874 -0.0191589 -0.016071 0.999687 -1.68711
0.575308 -0.817783 -0.0158578 137.669 0.817895 0.574973 0.0212989 88.5417 -0.00830007 -0.0252235 0.999647 -1.69522
0.570624 -0.820993 -0.0189264 138.59 0.821167 0.570202 0.0235511 89.8853 -0.00854345 -0.0289805 0.999544 -1.70874
0.565965 -0.824325 -0.0131285 139.548 0.823947 0.565018 0.043215 91.2752 -0.0282054 -0.0352753 0.99898 -1.75739
0.557708 -0.830035 -0.00207139 140.437 0.829816 0.5575 0.0245045 92.5485 -0.0191848 -0.0153852 0.999698 -1.77197
0.546501 -0.837409 -0.00916723 141.344 0.837397 0.546294 0.0181615 93.9994 -0.0102006 -0.0176019 0.999793 -1.77991
0.534088 -0.845424 0.00304928 142.191 0.845151 0.534001 0.0237018 95.334 -0.0216664 -0.0100817 0.999714 -1.79224
0.524303 -0.851368 0.0166963 143.077 0.851153 0.524554 0.0195683 96.7416 -0.0254179 0.00395143 0.999669 -1.82631
0.512506 -0.858563 0.0143792 143.973 0.858613 0.512607 0.00427468 98.1853 -0.011041 0.0101554 0.999887 -1.81909
0.501457 -0.865166 0.00540975 144.807 0.865123 0.501486 0.0085888 99.6518 -0.0101437 0.000373192 0.999949 -1.81397
0.491654 -0.8707 0.0125498 145.591 0.870296 0.49181 0.0266018 101.14 -0.0293343 -0.00215681 0.999567 -1.85749
0.486137 -0.873755 0.0149686 146.363 0.873619 0.486339 0.0162313 102.597 -0.021462 0.00518618 0.999756 -1.85743
0.482547 -0.875848 -0.00629752 147.114 0.875846 0.482467 0.0109204 104.013 -0.00652624 -0.0107852 0.999921 -1.88018
0.47943 -0.877581 0.000114039 147.995 0.877427 0.479348 0.0186612 105.588 -0.0164314 -0.00884668 0.999826 -1.90207
0.478702 -0.877913 0.0106605 148.801 0.877655 0.47882 0.0213096 107.07 -0.0238124 -0.000844713 0.999716 -1.92409
0.475413 -0.879697 0.0107313 149.579 0.87975 0.475438 -0.000306385 108.517 -0.00483254 0.0095865 0.999942 -1.92444
0.472863 -0.88113 0.00337002 150.379 0.88113 0.47287 0.0020149 110.044 -0.00336898 0.00201666 0.999992 -1.92665
0.470847 -0.88216 0.00982367 151.172 0.882061 0.470944 0.0134615 111.55 -0.0165016 0.00232677 0.999861 -1.96107
0.47063 -0.882248 0.0120804 151.959 0.882298 0.470687 0.00225282 113.064 -0.00767364 0.00959827 0.999925 -1.92241
0.469491 -0.882919 0.00565406 152.722 0.882893 0.469522 0.00700133 114.6 -0.00883632 0.00170487 0.99996 -1.91227
0.468988 -0.883203 0.00166066 153.492 0.883074 0.46895 0.01634 116.043 -0.0152103 -0.00619679 0.999865 -1.93109
0.46769 -0.883892 -0.00102566 154.236 0.883795 0.467621 0.0154088 117.466 -0.0131401 -0.00811303 0.999881 -1.91889
0.464681 -0.88547 -0.00373285 154.979 0.885443 0.464621 0.0108375 118.936 -0.00786193 -0.00834119 0.999934 -1.9298
0.461772 -0.886999 0.00019262 155.74 0.88668 0.461611 0.026739 120.372 -0.0238064 -0.0121765 0.999642 -1.93054
0.460769 -0.887456 0.0106983 156.446 0.887258 0.460892 0.0187556 121.703 -0.0215755 0.000850137 0.999767 -1.89771
0.463453 -0.886114 -0.00355659 157.457 0.886102 0.463413 0.00847153 123.619 -0.00585859 -0.00707765 0.999958 -1.95905
0.475193 -0.879882 -0.00021873 158.394 0.879836 0.475165 0.0103168 125.389 -0.00897367 -0.00509492 0.999947 -1.92364
0.490223 -0.871594 -0.00232323 159.357 0.871421 0.490069 0.0214033 127.174 -0.0175165 -0.0125169 0.999768 -1.92417
0.510172 -0.85996 -0.0139307 160.32 0.860067 0.510159 0.00476453 128.888 0.00300954 -0.014412 0.999892 -1.92304
0.526258 -0.850254 -0.0110051 161.309 0.850275 0.526041 0.0177007 130.492 -0.00926098 -0.0186725 0.999783 -1.90643
0.534472 -0.845166 -0.00582712 162.381 0.845099 0.534305 0.0180697 132.068 -0.0121584 -0.0145822 0.99982 -1.92045
0.534198 -0.845354 -0.00323357 163.436 0.845175 0.533997 0.0229547 133.772 -0.0176781 -0.0149953 0.999731 -1.934
0.530844 -0.847192 -0.0216949 164.449 0.847463 0.530765 0.00975559 135.448 0.00325003 -0.0235643 0.999717 -1.9652
0.520232 -0.853882 -0.0156098 165.482 0.853942 0.519838 0.0235075 137.174 -0.0119581 -0.0255592 0.999602 -1.93013
0.511334 -0.859382 -0.000167254 166.57 0.858892 0.511036 0.0338623 138.939 -0.0290151 -0.0174586 0.999427 -1.96883
0.503671 -0.863894 -0.00166035 167.567 0.863806 0.50359 0.0153953 140.742 -0.0124638 -0.00918838 0.99988 -1.9776
0.502296 -0.864579 0.0141775 168.334 0.864414 0.502484 0.0172967 141.95 -0.0220783 0.00356714 0.99975 -2.00277
0.499171 -0.866237 0.0214917 169.375 0.86633 0.499414 0.00763106 143.779 -0.0173436 0.0148097 0.99974 -2.03641
0.497856 -0.866771 0.0291162 170.445 0.866959 0.498287 0.00961972 145.579 -0.0228463 0.0204533 0.99953 -2.06824
0.496827 -0.86727 0.0317175 171.473 0.867693 0.497099 0.000821821 147.33 -0.0164795 0.0271128 0.999497 -2.06779
0.497507 -0.867207 0.0209527 172.451 0.867454 0.497449 -0.00822206 149.051 -0.00329269 0.022266 0.999747 -2.0659
0.496224 -0.867443 0.0361305 173.421 0.8679 0.496709 0.0053621 150.778 -0.0225977 0.0286969 0.999333 -2.02858
0.489727 -0.870843 0.0424311 174.314 0.871441 0.49044 0.00771089 152.34 -0.0275249 0.0332 0.99907 -2.04888
0.463001 -0.885165 0.0459678 175.035 0.886191 0.463296 -0.00465851 153.789 -0.0171732 0.0428932 0.998932 -2.04637
0.4055 -0.912773 0.0491447 175.612 0.914 0.405646 -0.00740825 155.26 -0.0131733 0.0479223 0.998764 -2.08397
0.278626 -0.959316 0.0456138 176.115 0.96037 0.278675 -0.00539608 157.127 -0.00753491 0.0453097 0.998945 -2.04493
0.0347609 -0.999389 0.00366761 176.126 0.999372 0.0347343 -0.00709274 159.418 0.00696101 0.00391187 0.999968 -1.9979
-0.196329 -0.980346 -0.0194141 175.772 0.980517 -0.196416 0.00264046 161.152 -0.0064018 -0.0185174 0.999808 -1.98824
-0.41116 -0.910414 -0.045754 175.04 0.910814 -0.412339 0.0198713 162.677 -0.0369572 -0.033503 0.998755 -2.02326
-0.611341 -0.790976 -0.0248828 174.086 0.790857 -0.611773 0.016687 163.984 -0.0284216 -0.00947732 0.999551 -2.09188
-0.754547 -0.655628 -0.0284958 172.802 0.655608 -0.755016 0.0113276 165.087 -0.0289415 -0.0101349 0.99953 -2.15765
-0.819368 -0.572732 -0.0247907 171.576 0.572742 -0.819702 0.00740307 165.878 -0.024561 -0.00813285 0.999665 -2.18667
-0.857535 -0.51383 -0.0247575 170.313 0.514011 -0.857783 -0.00112578 166.661 -0.0206581 -0.013691 0.999693 -2.2055
-0.871626 -0.489639 -0.0228418 168.77 0.489925 -0.871719 -0.00892391 167.418 -0.0155421 -0.0189691 0.999699 -2.22962
-0.8763 -0.481206 -0.023235 167.226 0.481497 -0.876404 -0.0087891 168.286 -0.0161339 -0.0188894 0.999691 -2.25451
-0.874941 -0.483749 -0.0215629 165.378 0.483961 -0.875071 -0.00569157 169.291 -0.0161158 -0.0154154 0.999751 -2.30045
-0.873746 -0.486002 -0.0192278 164.116 0.486221 -0.873791 -0.00881855 170.008 -0.0125152 -0.0170541 0.999776 -2.32324
-0.872179 -0.488885 -0.0171903 162.797 0.48906 -0.872215 -0.00786025 170.716 -0.0111509 -0.0152626 0.999821 -2.34436
-0.870244 -0.492322 -0.0171813 161.321 0.492459 -0.870324 -0.00462024 171.519 -0.0126786 -0.0124818 0.999842 -2.38412
-0.868621 -0.495257 -0.0147626 159.815 0.495312 -0.868716 -3.03704e-05 172.386 -0.0128094 -0.00733845 0.999891 -2.39475
-0.867653 -0.496796 -0.0193047 158.311 0.496831 -0.867841 0.00326495 173.235 -0.0183754 -0.00675831 0.999808 -2.40389
-0.867446 -0.496959 -0.0238825 156.81 0.496975 -0.867747 0.00568996 174.118 -0.0235516 -0.00693327 0.999699 -2.42182
-0.868488 -0.495419 -0.0169916 155.246 0.495398 -0.868647 0.00574091 174.976 -0.0176038 -0.00343166 0.999839 -2.4391
-0.871435 -0.490114 -0.0197201 153.751 0.490104 -0.871646 0.00565691 175.844 -0.0199615 -0.00473527 0.99979 -2.48745
-0.874487 -0.484409 -0.0249177 152.195 0.484178 -0.874841 0.0149978 176.693 -0.0290641 0.00105073 0.999577 -2.48454
-0.877738 -0.478495 -0.02487 150.607 0.478251 -0.878089 0.0153623 177.551 -0.0291889 0.00158996 0.999573 -2.52755
-0.880338 -0.473893 -0.0207263 149.111 0.473695 -0.880579 0.0139075 178.324 -0.0248418 0.00242533 0.999689 -2.56299
-0.881589 -0.471626 -0.0192085 147.566 0.471485 -0.881798 0.0116046 179.135 -0.0224111 0.00117401 0.999748 -2.55417
-0.882082 -0.470707 -0.0191432 146.015 0.470774 -0.882253 0.00111042 179.953 -0.0174118 -0.00803264 0.999816 -2.571
-0.880993 -0.472776 -0.0182703 144.495 0.472859 -0.881138 -0.000226224 180.759 -0.0159917 -0.00883857 0.999833 -2.5771
-0.879354 -0.475749 -0.0200027 142.974 0.475886 -0.879504 -0.00247821 181.581 -0.0164135 -0.0116982 0.999797 -2.59724
-0.876719 -0.4806 -0.0196765 141.523 0.480639 -0.876913 0.00301403 182.364 -0.0187031 -0.00681481 0.999802 -2.61456
-0.874786 -0.484296 -0.0143993 140.042 0.484179 -0.8749 0.0109376 183.198 -0.017895 0.00259625 0.999837 -2.61695
-0.873913 -0.485765 -0.017594 138.618 0.485747 -0.874082 0.00556866 183.992 -0.0180836 -0.00367971 0.99983 -2.64153
-0.874396 -0.484489 -0.0264881 137.128 0.484561 -0.874748 0.00406829 184.816 -0.0251414 -0.00927777 0.999641 -2.66663
-0.876182 -0.481409 -0.0234783 135.682 0.481295 -0.876494 0.0106673 185.581 -0.0257139 -0.00195345 0.999667 -2.67657
-0.87956 -0.475388 -0.0194881 134.225 0.475366 -0.879767 0.00605104 186.297 -0.0200216 -0.00394173 0.999792 -2.68738
-0.884005 -0.467012 -0.0208648 132.801 0.467109 -0.8842 0.000295948 187.043 -0.0185869 -0.00948451 0.999782 -2.71032
-0.888327 -0.458366 -0.0278453 131.402 0.458749 -0.88852 -0.00904062 187.806 -0.0205972 -0.020805 0.999571 -2.76167
-0.8919 -0.451032 -0.032929 130.002 0.451581 -0.892158 -0.0113504 188.471 -0.0242585 -0.0249935 0.999393 -2.78501
-0.894415 -0.446024 -0.0329181 128.624 0.446608 -0.894638 -0.0128282 189.132 -0.0237281 -0.0261752 0.999376 -2.7906
-0.895063 -0.444521 -0.0355466 127.232 0.445321 -0.895174 -0.0187555 189.82 -0.0234832 -0.032617 0.999192 -2.82368
-0.895299 -0.443817 -0.0382858 125.24 0.444865 -0.895245 -0.0251321 190.768 -0.0231211 -0.0395327 0.998951 -2.83309
-0.893029 -0.44857 -0.0358517 123.37 0.449281 -0.893269 -0.0147033 191.631 -0.0254298 -0.0292379 0.999249 -2.86115
-0.889037 -0.456295 -0.0375204 121.612 0.457221 -0.889102 -0.0211406 192.52 -0.0237131 -0.0359499 0.999072 -2.85672
-0.884478 -0.465283 -0.0347845 120.057 0.466032 -0.884595 -0.0174903 193.346 -0.0226322 -0.0316805 0.999242 -2.88237
-0.878328 -0.47685 -0.0339787 118.568 0.477469 -0.878555 -0.0128049 194.116 -0.0237461 -0.0274706 0.999341 -2.9211
-0.872549 -0.487432 -0.0326789 117.248 0.487904 -0.872862 -0.00792834 194.846 -0.0246596 -0.022862 0.999435 -2.92675
-0.862032 -0.505463 -0.0375345 115.772 0.5061 -0.862424 -0.00935749 195.7 -0.0276408 -0.0270626 0.999251 -2.92471
-0.849045 -0.52742 -0.0308404 114.519 0.527768 -0.84938 -0.00381969 196.516 -0.0241806 -0.0195196 0.999517 -2.94056
-0.835805 -0.548436 -0.0254664 113.228 0.548743 -0.835965 -0.00664787 197.319 -0.017643 -0.0195308 0.999654 -2.96178
-0.82262 -0.568552 -0.00671809 112.046 0.56857 -0.822429 -0.0184055 198.144 0.00493935 -0.0189605 0.999808 -2.97168
-0.757916 -0.65222 -0.0131245 110.883 0.652352 -0.757745 -0.0161332 199.002 0.000577409 -0.0207894 0.999784 -2.94531
-0.61728 -0.786708 -0.00750988 109.845 0.786716 -0.61731 0.00258481 200.216 -0.00666941 -0.00431258 0.999969 -2.92482
-0.401465 -0.915738 -0.0158046 109.121 0.915715 -0.401658 0.0117179 201.671 -0.0170786 -0.00976815 0.999807 -2.96021
-0.100168 -0.994933 -0.00866405 108.782 0.994948 -0.10022 0.005872 203.496 -0.00671056 -0.00803209 0.999945 -2.95884
0.145155 -0.989403 0.00347307 109.003 0.989349 0.145184 0.0105467 205.347 -0.0109392 0.00190518 0.999938 -3.02288
0.336948 -0.941522 0.00159575 109.628 0.941517 0.336951 0.00324441 207.399 -0.00359238 0.000409238 0.999993 -3.0206
0.426352 -0.904535 0.0063022 110.34 0.904533 0.426382 0.00442217 209.086 -0.00668716 0.00381516 0.99997 -3.0451
0.474742 -0.880114 0.00452104 111.18 0.880092 0.474762 0.00622644 210.781 -0.0076264 0.00102299 0.99997 -3.01313
0.497823 -0.867255 0.00644659 112.173 0.867264 0.497844 0.00214864 212.572 -0.00507282 0.00452126 0.999977 -3.02413
0.507449 -0.861627 0.00966287 113.242 0.861661 0.507483 0.00120504 214.483 -0.00594205 0.00771463 0.999953 -3.05967
0.508637 -0.860939 0.00849607 114 0.860927 0.508691 0.00623353 215.766 -0.00968857 0.00414389 0.999944 -3.067
0.507178 -0.861618 0.0196135 114.784 0.861772 0.507294 0.0011321 217.143 -0.0109252 0.0163282 0.999807 -3.1353
0.504744 -0.863036 0.0200609 115.607 0.86326 0.504708 -0.007182 218.551 -0.00392657 0.0209428 0.999773 -3.1514
0.504405 -0.863441 0.00672246 116.459 0.863467 0.504384 -0.00469993 220.017 0.000667401 0.00817529 0.999966 -3.10722
0.503998 -0.863685 0.00595731 117.352 0.863623 0.504033 0.0103205 221.571 -0.0119163 -5.66207e-05 0.999929 -3.10978
0.503572 -0.863469 0.028945 118.252 0.863747 0.503901 0.00497931 223.116 -0.0188849 0.0224937 0.999569 -3.20016
0.501735 -0.86472 0.0228288 119.155 0.865006 0.501707 -0.00736191 224.678 -0.00508739 0.0234408 0.999712 -3.1866
0.500064 -0.865871 0.0142642 120.11 0.865986 0.499955 -0.0106036 226.337 0.00204988 0.0176551 0.999842 -3.16799
0.499238 -0.866356 0.0137283 121.062 0.866457 0.499238 -0.00364285 228.017 -0.00369768 0.0137136 0.999899 -3.15963
0.499735 -0.865916 0.0213426 122.049 0.866016 0.499967 0.00704063 229.739 -0.0167672 0.0149646 0.999747 -3.17468
0.49993 -0.865825 0.0204434 123.068 0.865956 0.500104 0.00414657 231.477 -0.013814 0.0156301 0.999782 -3.18591
0.499269 -0.866271 0.0174783 124.081 0.866432 0.499279 -0.00410667 233.281 -0.00516906 0.0171941 0.999839 -3.20689
0.497275 -0.867406 0.0180152 125.124 0.867557 0.497336 -0.00120802 235.085 -0.00791177 0.0162299 0.999837 -3.19531
0.494193 -0.868849 0.0295973 126.155 0.869289 0.494282 -0.00474332 236.911 -0.0105082 0.0280727 0.999551 -3.21163
0.490566 -0.871111 0.0226226 127.18 0.871402 0.490461 -0.0103473 238.767 -0.00208184 0.0247895 0.999691 -3.23965
0.488415 -0.872592 0.00586443 128.256 0.872611 0.488408 -0.00261952 240.672 -0.000578469 0.00639677 0.999979 -3.16946
0.485939 -0.873895 0.013126 129.243 0.873939 0.486021 0.00384148 242.481 -0.00973655 0.00960459 0.999907 -3.19286
0.483412 -0.875214 0.0177027 130.248 0.875231 0.483613 0.00944435 244.329 -0.0168271 0.0109285 0.999799 -3.22907
0.48335 -0.875165 0.0214355 131.243 0.87531 0.483541 0.00454109 246.174 -0.0143392 0.0165678 0.99976 -3.24835
0.483182 -0.875347 0.0173953 132.254 0.875487 0.48324 -0.00092251 248.001 -0.00759862 0.0156751 0.999848 -3.27197
0.483205 -0.875485 0.0062002 133.264 0.875487 0.48323 0.00338973 249.83 -0.00596379 0.00379026 0.999975 -3.22779
0.484459 -0.874779 0.00781496 134.279 0.874755 0.484511 0.00727823 251.698 -0.0101533 0.00331017 0.999943 -3.21382
0.485271 -0.874356 0.00375119 135.232 0.87425 0.485273 0.0140679 253.433 -0.0141207 -0.00354724 0.999894 -3.1731
0.486232 -0.873808 0.00620786 136.216 0.873586 0.486251 0.0201848 255.229 -0.0206562 -0.00439138 0.999777 -3.19975
0.486633 -0.873573 0.00773688 137.185 0.873529 0.486689 0.00903187 257.035 -0.0116555 0.0023632 0.999929 -3.24333
0.487451 -0.873111 -0.00826159 138.152 0.873121 0.487335 0.0128234 258.8 -0.0071701 -0.0134641 0.999884 -3.19247
0.488086 -0.872752 -0.00870185 139.142 0.872772 0.487975 0.0122699 260.597 -0.00646234 -0.0135835 0.999887 -3.20721
0.488093 -0.872775 -0.00546209 140.147 0.872739 0.487984 0.0141013 262.406 -0.00964187 -0.0116497 0.999886 -3.18948
0.487999 -0.872839 -0.00311675 141.157 0.872779 0.487915 0.0140324 264.235 -0.0107273 -0.00956803 0.999897 -3.21842
0.490641 -0.871333 -0.00714581 142.166 0.871299 0.490491 0.0160019 266.06 -0.010438 -0.0140773 0.999846 -3.24171
0.490746 -0.871272 -0.0072998 143.198 0.871248 0.490605 0.0152923 267.884 -0.00974246 -0.0138646 0.999856 -3.23287
0.491319 -0.870954 -0.00677732 144.207 0.870922 0.491181 0.0153784 269.705 -0.010065 -0.0134582 0.999859 -3.26524
0.491713 -0.870719 -0.00820461 145.26 0.870755 0.491667 0.00701566 271.614 -0.00207474 -0.0105939 0.999942 -3.24514
0.491419 -0.870853 -0.0111258 146.298 0.87089 0.491247 0.0150603 273.461 -0.00764982 -0.0170902 0.999825 -3.23741
0.491828 -0.870688 -0.00267757 147.357 0.870584 0.491716 0.0173219 275.377 -0.0137654 -0.0108504 0.999846 -3.28039
0.491828 -0.870634 0.0100853 148.42 0.870552 0.491923 0.0123059 277.263 -0.0156752 0.00272737 0.999873 -3.31816
0.491625 -0.870738 0.0109813 149.459 0.870728 0.491711 0.0073053 279.105 -0.0117607 0.00597029 0.999913 -3.31451
0.491237 -0.87099 0.00794404 150.539 0.870961 0.491291 0.00774544 281.031 -0.010649 0.00311411 0.999938 -3.33048
0.489935 -0.8715 0.0212373 151.554 0.871604 0.490162 0.00691021 282.839 -0.016432 0.015125 0.999751 -3.32918
0.489189 -0.871495 0.034515 152.61 0.871995 0.489514 0.00114028 284.713 -0.0178893 0.0295391 0.999404 -3.35767
0.488922 -0.871977 0.0247244 153.633 0.872262 0.489036 -0.00165413 286.514 -0.0106488 0.0223749 0.999693 -3.34069
0.487604 -0.872586 0.028929 154.631 0.872977 0.487757 -0.00200283 288.292 -0.0123627 0.026231 0.999579 -3.34918
0.485467 -0.873656 0.0323683 155.611 0.874043 0.485832 0.00406916 290.056 -0.0192806 0.0263158 0.999468 -3.33954
0.48391 -0.874354 0.0365703 156.583 0.874888 0.484318 0.00268592 291.805 -0.0200601 0.0306952 0.999327 -3.35634
0.481914 -0.875337 0.0392984 157.531 0.87606 0.482195 -0.00263213 293.517 -0.0166455 0.0356962 0.999224 -3.36244
0.480231 -0.876303 0.0383607 158.429 0.877015 0.480447 -0.00398017 295.189 -0.0149425 0.0355543 0.999256 -3.38412
0.479287 -0.876907 0.0363151 159.297 0.877508 0.47956 -0.00136764 296.773 -0.0162159 0.0325223 0.999339 -3.35335
0.479182 -0.876954 0.0365731 160.168 0.877586 0.479411 -0.00279984 298.406 -0.0150782 0.0334377 0.999327 -3.37258
0.480462 -0.876293 0.0355965 160.972 0.876919 0.480615 -0.00467615 299.909 -0.0130105 0.0334619 0.999355 -3.37449
0.483422 -0.874596 0.0372064 161.815 0.875253 0.483655 -0.00305903 301.434 -0.0153196 0.0340438 0.999303 -3.39355
0.486077 -0.873085 0.0381025 162.57 0.873778 0.486314 -0.00341807 302.794 -0.0155455 0.0349545 0.999268 -3.38257
0.489053 -0.871388 0.0388731 163.329 0.872045 0.489425 7.54539e-05 304.168 -0.0190912 0.0338622 0.999244 -3.369
0.493155 -0.86896 0.041308 164.351 0.869736 0.493514 -0.00172584 305.976 -0.0188864 0.0367782 0.999145 -3.3869
0.496859 -0.866915 0.0398616 165.285 0.867738 0.496956 -0.00816492 307.638 -0.0127312 0.0386462 0.999172 -3.40749
0.494944 -0.867884 0.0425187 166.139 0.868726 0.495285 -0.00285393 309.111 -0.018582 0.0383496 0.999092 -3.41335
0.480055 -0.876252 0.0415954 166.861 0.877165 0.48009 -0.00979849 310.445 -0.0113836 0.0411898 0.999086 -3.41076
0.423479 -0.905305 0.0329855 167.548 0.905893 0.42339 -0.00997503 312.086 -0.00493529 0.0341055 0.999406 -3.39223
0.308621 -0.950439 0.0376733 168.014 0.951141 0.308747 -0.00256969 313.833 -0.00918918 0.0366256 0.999287 -3.38298
0.0790179 -0.996395 0.0308927 168.206 0.996758 0.0794426 0.0127655 315.938 -0.0151736 0.0297839 0.999441 -3.39059
-0.149616 -0.988535 0.0203483 167.94 0.988525 -0.149118 0.0241455 317.734 -0.0208344 0.0237274 0.999501 -3.41021
-0.393832 -0.918528 0.0346823 167.31 0.918954 -0.392612 0.0371424 319.597 -0.0204997 0.0464993 0.998708 -3.42829
-0.572943 -0.818583 0.0407349 166.471 0.819589 -0.572034 0.032413 320.816 -0.00323099 0.0519567 0.998644 -3.39901
-0.72842 -0.683359 0.0492491 165.325 0.68506 -0.727494 0.0380224 321.892 0.00984543 0.0614349 0.998063 -3.37835
-0.832457 -0.55374 0.0196938 163.958 0.554089 -0.832004 0.0274625 322.748 0.00117823 0.0337734 0.999429 -3.29716
-0.881517 -0.472151 -0.00111472 162.468 0.472066 -0.881398 0.01706 323.442 -0.00903738 0.0145124 0.999854 -3.37281
-0.896529 -0.442946 0.00584668 160.874 0.442981 -0.896496 0.00791728 324.19 0.0017346 0.00968805 0.999952 -3.36801
-0.897141 -0.441439 0.0164204 159.125 0.441539 -0.897237 0.00286593 324.985 0.0134678 0.00982139 0.999861 -3.37907
