0.470386 -0.881603 0.0389094 -0.699007 0.882455 0.470091 -0.0169662 -0.563 -0.00333352 0.0423165 0.999099 -0.796474
0.466997 -0.88367 0.0322711 0.13184 0.884259 0.466682 -0.0171669 1.02285 0.000109553 0.0365529 0.999332 -0.793951
0.465526 -0.884451 0.0321362 0.944462 0.885035 0.465222 -0.0168089 2.59252 -8.38192e-05 0.0362666 0.999342 -0.783681
0.463519 -0.885443 0.0337707 1.79056 0.886086 0.463248 -0.0159231 4.22767 -0.00154521 0.0373044 0.999303 -0.768429
0.460925 -0.886791 0.033919 2.62857 0.887439 0.460591 -0.0175482 5.86695 -6.11851e-05 0.0381895 0.99927 -0.761896
0.459919 -0.887296 0.0343546 3.47726 0.887951 0.459749 -0.0131444 7.52442 -0.00413153 0.0365506 0.999323 -0.750329
0.461423 -0.886375 0.0377931 4.34487 0.887119 0.461473 -0.00791194 9.19412 -0.0104276 0.0371778 0.999254 -0.749967
0.464229 -0.884805 0.0401419 5.21824 0.885672 0.464176 -0.0112162 10.8892 -0.00870875 0.0407594 0.999131 -0.748563
0.466468 -0.883842 0.0351061 6.09918 0.884538 0.466152 -0.0171925 12.5933 -0.00116936 0.0390724 0.999236 -0.757219
0.466732 -0.88367 0.0358999 7.00725 0.884385 0.466569 -0.0133208 14.3192 -0.0049786 0.0379665 0.999267 -0.744458
0.464785 -0.884212 0.0463095 7.93091 0.885392 0.464575 -0.0158499 16.07 -0.00749963 0.0483688 0.998801 -0.696271
0.462411 -0.885287 0.0494275 8.85367 0.886666 0.461674 -0.0260968 17.8327 0.000283814 0.0558931 0.998437 -0.721025
0.459758 -0.886968 0.0437095 9.77623 0.888042 0.459089 -0.0248829 19.6343 0.00200384 0.050256 0.998734 -0.698125
0.457642 -0.888426 0.0355294 10.6871 0.889135 0.45734 -0.0166921 21.4356 -0.00141934 0.0392294 0.999229 -0.663899
0.457116 -0.88867 0.0362002 11.6211 0.889379 0.457045 -0.0106812 23.2086 -0.00705308 0.0370782 0.999287 -0.631993
0.456287 -0.889282 0.0312972 12.5748 0.889786 0.456341 -0.00578806 25.0629 -0.00913501 0.0304889 0.999493 -0.628691
0.456205 -0.889219 0.0341657 13.446 0.889852 0.456129 -0.0104482 26.8642 -0.00629326 0.0351689 0.999362 -0.654127
0.454876 -0.889985 0.0318489 14.3322 0.890526 0.454859 -0.00820863 28.6278 -0.00718121 0.0320962 0.999459 -0.618062
0.453853 -0.890174 0.0400881 15.2674 0.891041 0.45378 -0.0114255 30.4319 -0.00802056 0.0409056 0.999131 -0.652445
0.452913 -0.891086 0.0289195 16.1225 0.891554 0.452726 -0.0130869 32.2337 -0.00143105 0.0317105 0.999496 -0.615682
0.452856 -0.891021 0.0316696 17.0353 0.891542 0.452891 -0.00648416 33.9089 -0.00856536 0.0311712 0.999477 -0.601442
0.453481 -0.890625 0.0337842 17.9087 0.891221 0.453513 -0.0071696 35.7038 -0.00893612 0.0333604 0.999403 -0.585116
0.452554 -0.890927 0.0380125 18.8089 0.891693 0.452543 -0.00937135 37.3913 -0.0088531 0.0381365 0.999233 -0.594498
0.452837 -0.890523 0.0436773 19.7114 0.891426 0.453158 -0.00281624 39.125 -0.0172848 0.0402104 0.999042 -0.586074
0.451163 -0.891237 0.0463602 20.5396 0.892248 0.451538 -0.00262315 40.8095 -0.0185956 0.0425483 0.998921 -0.608654
0.449101 -0.892748 0.0361935 21.3969 0.893461 0.448997 -0.0114207 42.4662 -0.00605494 0.0374666 0.99928 -0.598808
0.446952 -0.89408 0.0292538 22.1988 0.89452 0.446997 -0.00535576 44.0909 -0.00828787 0.0285618 0.999558 -0.633817
0.444251 -0.895467 0.0279226 22.9839 0.895846 0.444356 -0.00264835 45.6819 -0.0100361 0.0261909 0.999607 -0.612293
0.439477 -0.897933 0.0240179 23.7446 0.898185 0.439617 0.000641607 47.213 -0.0111348 0.0212906 0.999711 -0.584676
0.434603 -0.900379 0.0209066 24.4432 0.90055 0.434746 0.00258724 48.7001 -0.0114185 0.017703 0.999778 -0.559525
0.42843 -0.903204 0.0258886 25.137 0.903406 0.428728 0.00703101 50.1534 -0.0174496 0.0203757 0.99964 -0.597267
0.420129 -0.907113 0.0252388 25.8505 0.907313 0.420405 0.00657291 51.5598 -0.0165729 0.0201381 0.99966 -0.582563
0.41185 -0.911178 0.0115742 26.7581 0.911251 0.41183 -0.00420968 53.5573 -0.000930825 0.0122807 0.999924 -0.566613
0.401771 -0.915647 0.0130838 27.5969 0.915734 0.401779 -0.0021113 55.384 -0.00332361 0.0128296 0.999912 -0.527017
0.395746 -0.918249 0.0143037 28.3475 0.91834 0.395587 -0.0127399 57.0328 0.00604007 0.0181774 0.999817 -0.511119
0.397828 -0.917332 0.0153584 29.0685 0.917459 0.397799 -0.00503762 58.6385 -0.00148839 0.0160948 0.999869 -0.490934
0.417782 -0.908407 0.0159811 29.7481 0.908523 0.417834 -5.95791e-05 60.0678 -0.00662333 0.0145441 0.999872 -0.427228
0.493994 -0.869267 0.0185666 30.637 0.869371 0.494142 0.00418135 61.8003 -0.0128093 0.0140757 0.999819 -0.406456
0.614622 -0.788548 0.0208042 31.7166 0.788599 0.614862 0.00755221 63.2391 -0.018747 0.0117644 0.999755 -0.425346
0.769768 -0.638127 0.0158551 32.8679 0.638138 0.769906 0.00495778 64.3934 -0.0153707 0.00630144 0.999862 -0.446753
0.906134 -0.422601 0.018156 34.2402 0.422632 0.906299 0.00229329 65.2059 -0.017424 0.0055953 0.999833 -0.470271
0.990986 -0.132272 0.0212555 36.1219 0.132332 0.991205 -0.00142751 65.6494 -0.0208798 0.00422743 0.999773 -0.485927
0.993519 0.11142 0.0225046 38.0658 -0.110993 0.993631 -0.0194328 65.6644 -0.0245265 0.016809 0.999558 -0.529468
0.96405 0.265537 0.00990673 40.0576 -0.265469 0.964089 -0.00768078 65.3443 -0.0115905 0.00477471 0.999922 -0.549458
0.937882 0.346953 0.000979992 41.7548 -0.346944 0.937872 -0.00519738 64.7713 -0.00272235 0.00453452 0.999986 -0.554166
0.914993 0.403468 0.00128345 43.6032 -0.403398 0.914886 -0.0159472 64.0511 -0.00760841 0.0140738 0.999872 -0.566745
0.9015 0.43277 -0.00277383 45.1337 -0.432739 0.901312 -0.0193441 63.3896 -0.00587146 0.018639 0.999809 -0.580791
0.891086 0.453813 -0.00435174 46.7865 -0.453797 0.890849 -0.0213646 62.5498 -0.00581879 0.0210125 0.999762 -0.609658
0.883432 0.468531 -0.00518298 48.5044 -0.468525 0.883177 -0.02199 61.6245 -0.00572549 0.021855 0.999745 -0.61837
0.882601 0.470013 -0.010185 50.4197 -0.470094 0.882099 -0.0302113 60.6576 -0.00521553 0.0314524 0.999492 -0.620772
0.884484 0.466506 -0.00769836 51.7074 -0.466541 0.884126 -0.025702 59.9263 -0.00518383 0.0263246 0.99964 -0.65231
0.885488 0.464634 -0.00514569 53.077 -0.464598 0.885124 -0.0265567 59.2043 -0.00778459 0.0259063 0.999634 -0.670077
0.88759 0.460607 -0.00503172 54.5419 -0.460561 0.887201 -0.027513 58.4623 -0.00820854 0.0267377 0.999609 -0.68628
0.88931 0.457211 -0.00930804 56.0265 -0.457304 0.889064 -0.0209557 57.7021 -0.00130572 0.0228927 0.999737 -0.675851
0.889039 0.457796 -0.00570382 57.4655 -0.457831 0.888994 -0.00899285 56.975 0.000953753 0.0106064 0.999943 -0.664206
0.88844 0.45897 -0.00458057 58.8923 -0.45899 0.888353 -0.0125199 56.2194 -0.00167712 0.0132256 0.999911 -0.661643
0.888705 0.458474 -0.00231832 60.3839 -0.458472 0.888648 -0.010429 55.4875 -0.00272124 0.0103312 0.999943 -0.637484
0.888061 0.459718 -0.00274442 61.8611 -0.459726 0.888041 -0.00589005 54.7353 -0.000270595 0.0064924 0.999979 -0.604885
0.884695 0.46617 0.000709928 63.2611 -0.466164 0.884689 -0.00415387 53.9935 -0.00256449 0.00334395 0.999991 -0.605668
0.879479 0.475828 0.010191 64.7186 -0.47589 0.879492 0.00471865 53.2632 -0.00671768 -0.00899978 0.999937 -0.59542
0.871308 0.490571 0.0127814 66.1682 -0.490689 0.871291 0.00868912 52.4638 -0.00687371 -0.0138426 0.999881 -0.577111
0.859965 0.510197 0.0126177 67.5381 -0.510289 0.859986 0.00545754 51.7054 -0.00806665 -0.011132 0.999906 -0.574277
0.846538 0.532136 0.0143215 68.977 -0.532249 0.84657 0.00548743 50.8663 -0.00920408 -0.0122679 0.999882 -0.551448
0.830824 0.556407 0.0119425 70.302 -0.556481 0.830852 0.00383463 50.0512 -0.00778882 -0.00983166 0.999921 -0.5261
0.81557 0.578603 0.00806318 71.5851 -0.578638 0.81558 0.00273424 49.1952 -0.00499414 -0.00689564 0.999964 -0.527613
0.798874 0.60147 0.00587151 72.8373 -0.601492 0.798874 0.00301581 48.3353 -0.00287668 -0.00594093 0.999978 -0.523041
0.781274 0.624172 0.00449444 74.042 -0.624169 0.781286 -0.00223797 47.4323 -0.00490832 -0.00105683 0.999987 -0.509079
0.766527 0.642141 0.00956924 75.1861 -0.642182 0.766551 0.00171425 46.5445 -0.00623452 -0.00745922 0.999953 -0.498937
0.754611 0.656099 0.00985144 76.2794 -0.656104 0.754664 -0.00314197 45.6106 -0.00949597 -0.00409262 0.999947 -0.500057
0.744569 0.667534 0.00393556 77.8111 -0.667481 0.744566 -0.00951327 44.3322 -0.00928071 0.00445637 0.999947 -0.513044
0.746328 0.665578 -0.000152628 79.203 -0.665557 0.746303 -0.00815073 43.0949 -0.00531104 0.00618469 0.999967 -0.479682
0.765864 0.643003 -0.000166742 80.5133 -0.642995 0.765852 -0.00530003 41.9968 -0.00328024 0.0041663 0.999986 -0.471398
0.804924 0.593364 -0.00395373 81.7541 -0.593355 0.804934 0.00331234 41.0563 0.00514791 -0.000320223 0.999987 -0.433513
0.861005 0.508595 -0.00138227 83.1194 -0.508596 0.861005 -0.000468963 40.3206 0.000951629 0.00110679 0.999999 -0.435838
0.943613 0.330923 0.00917352 84.987 -0.330951 0.943646 0.00173931 39.6455 -0.00808098 -0.00467723 0.999956 -0.401447
0.99775 0.0668785 -0.00473698 86.8968 -0.0668779 0.997761 0.000296428 39.3802 0.00474619 2.1038e-05 0.999989 -0.374821
0.975849 -0.218372 -0.00570552 88.6858 0.218374 0.975865 -0.00041465 39.647 0.00565835 -0.000841302 0.999984 -0.383618
0.883698 -0.46793 0.0109145 90.2737 0.467867 0.883764 0.00788933 40.3666 -0.0133375 -0.00186526 0.999909 -0.315758
0.784788 -0.619746 0.00474132 91.6604 0.61957 0.784711 0.0190038 41.3829 -0.0154981 -0.0119764 0.999808 -0.377477
0.734675 -0.678412 0.00310187 93.07 0.6782 0.734546 0.022092 42.5988 -0.0172659 -0.0141267 0.999751 -0.347839
0.720636 -0.693146 -0.0152349 94.215 0.693287 0.720241 0.024606 43.7659 -0.00608282 -0.0282941 0.999581 -0.358894
0.721934 -0.691663 -0.0203419 95.3579 0.69196 0.721703 0.0183368 44.9278 0.00199797 -0.0273137 0.999625 -0.415629
0.725281 -0.688155 -0.0202474 96.6627 0.68845 0.724875 0.0243482 46.2138 -0.00207853 -0.0315986 0.999498 -0.373552
0.728178 -0.685372 -0.0047352 98.0138 0.685229 0.727841 0.0266204 47.5147 -0.0147984 -0.022629 0.999634 -0.421109
0.723278 -0.690412 -0.0141892 99.4766 0.690556 0.723166 0.0127686 48.9423 0.00144552 -0.0190337 0.999818 -0.38036
0.716465 -0.697245 -0.022973 100.493 0.697623 0.71612 0.022238 49.9218 0.000946099 -0.0319593 0.999489 -0.404281
0.710318 -0.703813 -0.0097615 101.506 0.703836 0.710047 0.021186 50.9336 -0.00797985 -0.0219193 0.999728 -0.390073
0.705989 -0.708125 -0.0117766 102.529 0.708203 0.705743 0.0193857 52.0047 -0.00541623 -0.0220263 0.999743 -0.37197
0.699278 -0.71456 -0.0203548 103.58 0.71485 0.699013 0.019252 53.1133 0.000471553 -0.0280132 0.999608 -0.392861
0.692602 -0.721163 -0.0150337 104.68 0.721317 0.692386 0.0174224 54.2954 -0.00215531 -0.0229109 0.999735 -0.394112
0.688339 -0.725217 -0.0157996 105.828 0.725366 0.68798 0.0229752 55.4442 -0.00579215 -0.0272752 0.999611 -0.428156
0.689126 -0.724617 -0.00595152 106.954 0.724589 0.688953 0.017747 56.6714 -0.00875947 -0.0165423 0.999825 -0.405851
0.688355 -0.72526 -0.0128836 108.076 0.725345 0.688059 0.0211801 57.9088 -0.00649644 -0.0239245 0.999693 -0.397052
0.690671 -0.722794 -0.0233018 109.273 0.723126 0.689915 0.0332723 59.1528 -0.00797275 -0.0398303 0.999175 -0.394396
0.695089 -0.71863 -0.0205525 110.427 0.718875 0.694429 0.0314151 60.4222 -0.00830353 -0.036611 0.999295 -0.3722
0.698842 -0.715021 -0.0191002 111.634 0.715245 0.698309 0.0280938 61.6649 -0.00674985 -0.0332944 0.999423 -0.416237
0.700385 -0.713665 -0.011984 112.853 0.713723 0.70006 0.022721 62.8827 -0.00782562 -0.0244667 0.99967 -0.392922
0.702084 -0.712009 -0.01105 114.019 0.711945 0.701535 0.0313405 64.1234 -0.0145628 -0.0298707 0.999448 -0.348051
0.705332 -0.708784 -0.0115251 115.275 0.708754 0.704811 0.0301663 65.3821 -0.0132584 -0.0294457 0.999478 -0.384102
0.707197 -0.706766 -0.0188414 116.424 0.706995 0.707135 0.0109072 66.5682 0.00561455 -0.0210343 0.999763 -0.374652
0.706945 -0.707252 -0.00476756 117.633 0.707141 0.706674 0.0237342 67.7941 -0.013417 -0.0201501 0.999707 -0.380339
0.705134 -0.708971 0.0120545 118.85 0.708203 0.705009 0.037553 69.0006 -0.0351225 -0.0179429 0.999222 -0.41116
0.704651 -0.70948 -0.0102584 119.964 0.709488 0.704315 0.0238332 70.1591 -0.00968402 -0.0240723 0.999663 -0.417432
0.701656 -0.712496 -0.00535032 121.127 0.712417 0.701414 0.0218935 71.3289 -0.0118463 -0.0191734 0.999746 -0.388318
0.696097 -0.717925 -0.00576694 122.268 0.717878 0.695894 0.0195694 72.5345 -0.0100362 -0.0177621 0.999792 -0.401247
0.691646 -0.722153 -0.0109922 123.381 0.722184 0.691331 0.0226304 73.6991 -0.00874337 -0.0235906 0.999683 -0.383106
0.689271 -0.724458 -0.00817537 124.516 0.724383 0.688907 0.0260126 74.9247 -0.013213 -0.0238518 0.999628 -0.386688
0.686206 -0.727367 -0.00774505 125.618 0.72733 0.685937 0.0219393 76.0794 -0.0106453 -0.020688 0.999729 -0.428735
0.67809 -0.73497 -0.00369868 126.735 0.734949 0.678007 0.0125263 77.2721 -0.00669875 -0.0112123 0.999915 -0.401643
0.668901 -0.74333 0.00559232 127.814 0.743162 0.668882 0.0175144 78.4693 -0.0167596 -0.00755938 0.999831 -0.396182
0.662568 -0.74893 0.0104308 128.89 0.748365 0.662514 0.0320353 79.6701 -0.0309027 -0.0134195 0.999432 -0.441306
0.654143 -0.756371 5.61267e-05 129.922 0.756219 0.654014 0.0199614 80.8805 -0.0151349 -0.0130152 0.999801 -0.438304
0.644063 -0.764972 0.000804374 130.985 0.764925 0.644034 0.0105501 82.1573 -0.00858862 -0.00617966 0.999944 -0.468251
0.631952 -0.77499 -0.0051985 132.012 0.774939 0.631792 0.0175468 83.4102 -0.0103143 -0.0151173 0.999833 -0.481623
0.617542 -0.786376 -0.0159445 132.99 0.786537 0.617381 0.0141697 84.6949 -0.00129885 -0.0212913 0.999772 -0.487265
0.603614 -0.797125 -0.0155579 133.989 0.797233 0.603263 0.0222138 86.0248 -0.00832165 -0.0258119 0.999632 -0.471111
0.590454 -0.80703 -0.00814926 134.985 0.806852 0.590028 0.0292814 87.3727 -0.0188227 -0.0238645 0.999538 -0.485196
0.581509 -0.81348 -0.00992383 135.925 0.813306 0.581005 0.0311031 88.6875 -0.0195359 -0.0261578 0.999467 -0.510573
0.573588 -0.818794 -0.023966 136.823 0.819098 0.573 0.0273678 90.0457 -0.00867604 -0.0353283 0.999338 -0.519099
0.568381 -0.82232 -0.0270792 137.742 0.822717 0.56768 0.0296101 91.3962 -0.00897662 -0.0391083 0.999195 -0.532068
0.563541 -0.825814 -0.0212975 138.696 0.825585 0.562111 0.0494158 92.7946 -0.0288366 -0.0454307 0.998551 -0.579523
0.555041 -0.831761 -0.0101449 139.583 0.831581 0.554545 0.0308764 94.0791 -0.020056 -0.025574 0.999472 -0.595172
0.543663 -0.839127 -0.0172212 140.487 0.839229 0.543224 0.0245664 95.5393 -0.0112594 -0.0278083 0.99955 -0.606506
0.531314 -0.84716 -0.00504938 141.333 0.846866 0.53095 0.0301662 96.8847 -0.0228747 -0.0203039 0.999532 -0.62156
0.521617 -0.853137 0.00855526 142.218 0.852762 0.52165 0.0260476 98.3024 -0.026685 -0.00629128 0.999624 -0.658726
0.50978 -0.860283 0.00614506 143.111 0.860218 0.509817 0.0105764 99.7551 -0.0122315 -0.000105536 0.999925 -0.655984
0.498668 -0.866788 -0.00302553 143.946 0.866721 0.498579 0.0146161 101.229 -0.0111606 -0.00991084 0.999889 -0.65449
0.48874 -0.872421 0.00388944 144.733 0.871907 0.488596 0.032444 102.726 -0.0302052 -0.0124654 0.999466 -0.699954
0.482672 -0.87578 0.00614633 145.507 0.875523 0.482684 0.0218269 104.193 -0.0220823 -0.00515401 0.999743 -0.702702
0.478348 -0.878037 -0.0152832 146.26 0.878143 0.478124 0.016175 105.62 -0.00689496 -0.0211581 0.999752 -0.7266
0.474695 -0.880105 -0.0090086 147.137 0.879992 0.47439 0.0238613 107.204 -0.0167268 -0.0192543 0.999675 -0.746518
0.473391 -0.880851 0.00151663 147.938 0.88052 0.473259 0.0266677 108.696 -0.024208 -0.0112888 0.999643 -0.766184
0.469202 -0.883089 0.00179316 148.711 0.883074 0.469205 0.00527526 110.154 -0.00549989 -0.000891666 0.999984 -0.765203
0.465753 -0.884898 -0.00542179 149.505 0.884903 0.465708 0.00793988 111.688 -0.00450102 -0.00849578 0.999954 -0.765848
0.462762 -0.886482 0.00119422 150.289 0.886293 0.462691 0.0200376 113.2 -0.0183155 -0.00821421 0.999798 -0.799051
0.461132 -0.887323 0.00381904 151.066 0.887273 0.461147 0.00946963 114.719 -0.0101638 -0.0009782 0.999948 -0.763509
0.458383 -0.888752 -0.00241026 151.815 0.888674 0.458303 0.0147498 116.259 -0.0120043 -0.00890297 0.999888 -0.758287
0.456124 -0.889894 -0.00629824 152.568 0.889713 0.455857 0.0246167 117.709 -0.0190352 -0.0168319 0.999677 -0.78244
0.452866 -0.891535 -0.00880404 153.292 0.891407 0.452562 0.0241172 119.14 -0.017517 -0.0187698 0.99967 -0.77831
0.44777 -0.894077 -0.0113422 154.009 0.89406 0.447511 0.0197948 120.615 -0.0126223 -0.0190041 0.99974 -0.79956
0.442948 -0.896514 -0.0077703 154.738 0.896088 0.442427 0.0358531 122.056 -0.028705 -0.0228439 0.999327 -0.811602
0.44001 -0.897989 0.00275797 155.41 0.897607 0.439908 0.0279806 123.398 -0.0263395 -0.00983615 0.999605 -0.79035
0.44097 -0.897448 -0.0114961 156.375 0.897464 0.44076 0.0169899 125.342 -0.0101805 -0.0178094 0.99979 -0.865064
0.451676 -0.89214 -0.00861255 157.269 0.892097 0.451479 0.0181966 127.151 -0.0123455 -0.0159022 0.999797 -0.842906
0.466428 -0.884484 -0.0115557 158.186 0.884343 0.465985 0.0282204 128.984 -0.0195757 -0.0233819 0.999535 -0.854281
0.48677 -0.873219 -0.023331 159.101 0.873527 0.486672 0.0100968 130.749 0.00253781 -0.025295 0.999677 -0.859971
0.504453 -0.863175 -0.0213733 160.041 0.863401 0.504043 0.0218959 132.4 -0.0081269 -0.0294991 0.999532 -0.844585
0.515017 -0.857015 -0.016796 161.064 0.857127 0.514668 0.021221 134.017 -0.00954237 -0.0253255 0.999634 -0.855308
0.517785 -0.855381 -0.0148738 162.069 0.855401 0.517363 0.0249984 135.75 -0.013688 -0.0256668 0.999577 -0.863824
0.517802 -0.854837 -0.0337001 163.039 0.855457 0.51777 0.0103426 137.446 0.00860768 -0.0341844 0.999379 -0.887998
0.511639 -0.858734 -0.0283081 164.031 0.859184 0.511143 0.0231707 139.183 -0.00542801 -0.0361769 0.999331 -0.841516
0.50808 -0.861209 -0.0132085 165.082 0.861039 0.507475 0.0329013 140.949 -0.0216319 -0.0280895 0.999371 -0.862226
0.506192 -0.862295 -0.0147677 166.051 0.862409 0.506018 0.0140326 142.742 -0.00462754 -0.0198389 0.999793 -0.851529
0.511638 -0.859201 0.00118127 166.796 0.859085 0.511591 0.0157403 143.935 -0.0141284 -0.00703852 0.999875 -0.857353
0.51644 -0.856279 0.00876487 167.827 0.856265 0.516497 0.00637128 145.739 -0.00998263 0.00421467 0.999941 -0.866169
0.524638 -0.851154 0.0171274 168.903 0.851164 0.524824 0.00896537 147.507 -0.0166198 0.00987466 0.999813 -0.875307
0.534443 -0.844962 0.0202403 169.953 0.845124 0.53457 0.0010332 149.217 -0.0116929 0.0165534 0.999795 -0.858369
0.54707 -0.837029 0.00982959 170.976 0.837087 0.547033 -0.00638471 150.886 -3.29309e-05 0.0117211 0.999931 -0.845857
0.558841 -0.828843 0.0267792 172.021 0.82901 0.559187 0.0072228 152.54 -0.0209612 0.0181639 0.999615 -0.80186
0.565438 -0.82408 0.0342335 173.013 0.824333 0.56602 0.00983942 154.012 -0.0274853 0.0226562 0.999366 -0.82024
0.552001 -0.833007 0.0373456 173.862 0.833633 0.552315 -0.00226928 155.363 -0.0187362 0.0323852 0.9993 -0.822254
0.507861 -0.860473 0.0407888 174.612 0.861284 0.508099 -0.00508486 156.726 -0.0163494 0.0377131 0.999155 -0.868749
0.39366 -0.918476 0.0378801 175.371 0.919171 0.39385 -0.00262536 158.475 -0.0125077 0.0358517 0.999279 -0.845273
0.156472 -0.987675 -0.00372504 175.73 0.987683 0.156471 0.000699108 160.691 -0.000107638 -0.00378853 0.999993 -0.82067
-0.0803095 -0.99645 -0.0252457 175.671 0.99666 -0.0806514 0.0128304 162.399 -0.014821 -0.024131 0.999599 -0.827608
-0.310871 -0.949173 -0.0492949 175.21 0.949334 -0.312603 0.0323316 163.949 -0.046098 -0.0367464 0.998261 -0.877037
-0.533993 -0.845005 -0.02861 174.486 0.844655 -0.534663 0.0263228 165.312 -0.0375396 -0.0101095 0.999244 -0.959481
-0.700378 -0.713044 -0.0322422 173.385 0.712798 -0.701067 0.0205819 166.501 -0.0372797 -0.0085671 0.999268 -1.03892
-0.781827 -0.622855 -0.0282575 172.287 0.622681 -0.782319 0.0156459 167.36 -0.0318515 -0.00536297 0.999478 -1.07904
-0.832857 -0.552782 -0.0279532 171.122 0.552839 -0.833264 0.00636367 168.19 -0.0268101 -0.0101535 0.999589 -1.10845
-0.85629 -0.51587 -0.0254211 169.652 0.516085 -0.856534 -0.00225749 168.985 -0.0206095 -0.0150525 0.999674 -1.1423
-0.868394 -0.495252 -0.0248434 168.163 0.495464 -0.868624 -0.00283048 169.859 -0.0201777 -0.0147669 0.999687 -1.17529
-0.872851 -0.487482 -0.0222167 166.355 0.48761 -0.873061 -0.000443105 170.847 -0.0191806 -0.0112199 0.999753 -1.22862
-0.876457 -0.481107 -0.0189426 165.115 0.481259 -0.876568 -0.00423472 171.519 -0.0145671 -0.0128278 0.999812 -1.2557
-0.878648 -0.477202 -0.0159984 163.81 0.477315 -0.878724 -0.00387857 172.17 -0.0122073 -0.0110441 0.999865 -1.27892
-0.879406 -0.475829 -0.0152646 162.342 0.4759 -0.879499 -0.00120962 172.906 -0.0128496 -0.00832814 0.999883 -1.31779
-0.879471 -0.475792 -0.0123741 160.838 0.475794 -0.879552 0.00298861 173.699 -0.0123056 -0.00325913 0.999919 -1.32547
-0.879308 -0.475963 -0.0166462 159.331 0.475935 -0.879461 0.00586832 174.476 -0.0174328 -0.00276246 0.999844 -1.33005
-0.879152 -0.476072 -0.0211351 157.822 0.476014 -0.879401 0.00799311 175.291 -0.0223915 -0.00303345 0.999745 -1.3429
-0.879608 -0.475486 -0.0142524 156.251 0.475417 -0.879723 0.00810865 176.086 -0.0163937 0.000356603 0.999866 -1.35531
-0.881543 -0.471794 -0.0171007 154.747 0.471728 -0.881709 0.00792177 176.9 -0.0188152 -0.00108349 0.999822 -1.39926
-0.88342 -0.468038 -0.0225845 153.184 0.467746 -0.883697 0.0171281 177.706 -0.0279744 0.00456746 0.999598 -1.39438
-0.885512 -0.464074 -0.022436 151.59 0.463776 -0.885783 0.0173674 178.529 -0.0279332 0.00497379 0.999597 -1.43824
-0.887107 -0.461219 -0.0178474 150.084 0.460987 -0.887268 0.0156863 179.28 -0.0230702 0.00568801 0.999718 -1.47668
-0.887548 -0.460456 -0.0154489 148.529 0.460296 -0.887672 0.0128785 180.074 -0.0196436 0.00431927 0.999798 -1.47172
-0.887368 -0.460849 -0.0140397 146.965 0.460873 -0.887465 0.00165921 180.877 -0.0132244 -0.00499818 0.9999 -1.48981
-0.885739 -0.464036 -0.0116837 145.43 0.464073 -0.885797 -0.000534491 181.673 -0.0101014 -0.00589551 0.999932 -1.49294
-0.883643 -0.468012 -0.0118077 143.894 0.468081 -0.883678 -0.00373535 182.486 -0.00868601 -0.00882767 0.999923 -1.50495
-0.880623 -0.473714 -0.00990014 142.426 0.47373 -0.88067 0.00080438 183.263 -0.0090998 -0.00398162 0.999951 -1.51021
-0.878277 -0.478143 -0.00304894 140.929 0.47811 -0.878266 0.00780683 184.092 -0.00641055 0.00539885 0.999965 -1.49624
-0.877026 -0.48042 -0.00469855 139.491 0.480418 -0.877038 0.00152193 184.882 -0.00485196 -0.000922494 0.999988 -1.5
-0.87733 -0.47973 -0.0122891 137.989 0.479774 -0.877392 -0.000808553 185.704 -0.0103944 -0.00660533 0.999924 -1.49906
-0.879043 -0.476672 -0.00821334 136.533 0.476645 -0.879081 0.00512231 186.472 -0.00966185 0.000587889 0.999953 -1.48138
-0.882504 -0.470293 -0.00328732 135.068 0.470296 -0.882509 -7.36385e-05 187.192 -0.00286645 -0.00161099 0.999995 -1.46264
-0.887315 -0.461147 -0.00393776 133.633 0.461164 -0.887293 -0.00632671 187.942 -0.000576394 -0.00742972 0.999972 -1.45404
-0.892258 -0.451407 -0.0104057 132.221 0.451523 -0.892115 -0.0160646 188.707 -0.0020314 -0.0190322 0.999817 -1.47224
-0.896725 -0.442326 -0.0152191 130.809 0.442555 -0.896547 -0.0186892 189.376 -0.00537794 -0.0234943 0.99971 -1.46292
-0.900317 -0.434973 -0.0150756 129.417 0.435209 -0.900099 -0.0203888 190.036 -0.00470096 -0.0249174 0.999678 -1.43675
-0.902344 -0.430655 -0.017639 128.009 0.430993 -0.901966 -0.0265106 190.721 -0.0044928 -0.0315239 0.999493 -1.43745
-0.904408 -0.426179 -0.0204129 125.995 0.426646 -0.903815 -0.0330558 191.653 -0.00436176 -0.038605 0.999245 -1.40254
-0.904591 -0.42588 -0.0184784 124.098 0.426222 -0.904335 -0.0226661 192.497 -0.00705766 -0.0283794 0.999572 -1.39
-0.903548 -0.428009 -0.0202498 122.307 0.428449 -0.903092 -0.0292617 193.361 -0.00576315 -0.0351153 0.999367 -1.34857
-0.902435 -0.430451 -0.0179588 120.707 0.430794 -0.902087 -0.025619 194.158 -0.00517262 -0.030856 0.99951 -1.34157
-0.90041 -0.434681 -0.0177652 119.167 0.434989 -0.900192 -0.0209679 194.896 -0.00687773 -0.0266073 0.999622 -1.34973
-0.899228 -0.437143 -0.017163 117.786 0.437399 -0.899123 -0.0161158 195.593 -0.00838675 -0.0219988 0.999723 -1.32934
-0.89446 -0.446592 -0.0223132 116.226 0.44699 -0.894358 -0.0180149 196.398 -0.0119107 -0.0260874 0.999589 -1.29961
-0.888064 -0.459427 -0.0164135 114.875 0.459632 -0.888026 -0.0122054 197.168 -0.00896811 -0.0183833 0.999791 -1.29217
-0.882174 -0.470791 -0.0111803 113.469 0.470915 -0.882056 -0.0147335 197.915 -0.00292523 -0.0182625 0.999829 -1.29055
-0.876707 -0.480951 0.00843456 112.149 0.480639 -0.876571 -0.0246923 198.68 0.0192693 -0.0175939 0.99966 -1.28049
-0.828244 -0.560364 0.00192439 110.825 0.560177 -0.828047 -0.0232629 199.461 0.0146292 -0.0181894 0.999728 -1.23518
-0.711767 -0.702395 0.00538781 109.558 0.702382 -0.711787 -0.00427611 200.592 0.00683849 0.000740718 0.999976 -1.19409
-0.519927 -0.854201 -0.00408353 108.554 0.854196 -0.519941 0.00343366 201.988 -0.00505622 -0.00170286 0.999986 -1.20946
-0.232606 -0.972564 0.00380158 107.878 0.972568 -0.232614 -0.00175926 203.794 0.00259529 0.00328809 0.999991 -1.19039
0.0161976 -0.999755 0.0150844 107.768 0.999859 0.0162641 0.00429259 205.693 -0.00453688 0.0150127 0.999877 -1.24008
0.222412 -0.974852 0.0140338 108.068 0.974953 0.222386 -0.00338295 207.835 0.000176955 0.0144347 0.999896 -1.22733
0.32724 -0.944761 0.0184558 108.546 0.944932 0.327263 -0.00180931 209.611 -0.00433056 0.0180316 0.999828 -1.24482
0.390029 -0.920656 0.0164193 109.194 0.920783 0.390076 -0.000336688 211.397 -0.00609482 0.01525 0.999865 -1.20852
0.42567 -0.904687 0.0186305 110.024 0.904869 0.425668 -0.00429133 213.279 -0.00404812 0.0186849 0.999817 -1.21574
0.445737 -0.894896 0.021919 110.953 0.895148 0.445742 -0.00489611 215.274 -0.00538873 0.0218032 0.999748 -1.24674
0.455849 -0.889821 0.0205163 111.642 0.890006 0.45595 0.000241349 216.61 -0.00956915 0.0181496 0.999789 -1.25162
0.461988 -0.886305 0.0320982 112.366 0.886814 0.46211 -0.00397158 218.033 -0.0113129 0.0303 0.999477 -1.3181
0.466006 -0.884163 0.0330765 113.14 0.884769 0.465874 -0.012081 219.485 -0.00472789 0.0348949 0.99938 -1.33611
0.471003 -0.881913 0.0196569 113.95 0.882132 0.470895 -0.0100599 220.99 -0.000384416 0.0220782 0.999756 -1.2958
0.474664 -0.879975 0.0184027 114.803 0.880068 0.474821 0.00505454 222.58 -0.0131859 0.0137964 0.999818 -1.30052
0.477533 -0.877624 0.0416968 115.668 0.878376 0.477971 0.000603029 224.16 -0.0204591 0.0363375 0.99913 -1.39262
0.478545 -0.877326 0.0359638 116.54 0.878037 0.478444 -0.0119169 225.755 -0.00675162 0.0372803 0.999282 -1.38438
0.479089 -0.877339 0.0273993 117.464 0.877766 0.478838 -0.0155241 227.445 0.000500105 0.0314876 0.999504 -1.3715
0.479895 -0.876923 0.0265838 118.386 0.877311 0.479842 -0.00877957 229.154 -0.00505699 0.0275355 0.999608 -1.36702
0.481638 -0.875715 0.0338704 119.343 0.876186 0.48197 0.00187156 230.904 -0.0179635 0.0287754 0.999425 -1.38471
0.483065 -0.874965 0.0329283 120.333 0.87546 0.48329 -0.00125284 232.668 -0.0148178 0.0294326 0.999457 -1.39892
0.483482 -0.87484 0.0300131 121.316 0.875334 0.48342 -0.00976354 234.494 -0.0059674 0.0309919 0.999502 -1.42167
0.482254 -0.875504 0.0303915 122.329 0.875991 0.482277 -0.00705232 236.318 -0.00848279 0.0300237 0.999513 -1.41179
0.479757 -0.876399 0.0419466 123.332 0.877334 0.479764 -0.010541 238.163 -0.0108864 0.0418583 0.999064 -1.42853
0.476645 -0.878398 0.0350065 124.328 0.879093 0.47637 -0.0163666 240.035 -0.00229967 0.038575 0.999253 -1.45651
0.474756 -0.879932 0.0180783 125.378 0.880117 0.474672 -0.00898906 241.956 -0.000671499 0.0201786 0.999796 -1.38671
0.472196 -0.881131 0.0252916 126.34 0.881438 0.472295 -0.00229521 243.781 -0.00992272 0.0233768 0.999678 -1.40731
0.469398 -0.882478 0.0299645 127.319 0.882816 0.469705 0.0037473 245.645 -0.0173814 0.0246942 0.999544 -1.44041
0.469041 -0.88252 0.0340399 128.288 0.883041 0.469296 -0.0005687 247.506 -0.0154729 0.0303253 0.99942 -1.45852
0.468569 -0.882904 0.0303896 129.27 0.883377 0.468631 -0.00551187 249.349 -0.00937507 0.0294282 0.999523 -1.48377
0.468222 -0.883398 0.0193856 130.25 0.883572 0.468295 -0.000881324 251.195 -0.00829962 0.0175412 0.999812 -1.44435
0.46907 -0.882908 0.0211428 131.233 0.883066 0.469237 0.00344803 253.08 -0.0129653 0.0170532 0.999771 -1.43634
0.469545 -0.882743 0.0170947 132.157 0.88274 0.469746 0.0104336 254.835 -0.0172403 0.0101911 0.999799 -1.40309
0.470206 -0.882341 0.0195225 133.11 0.882231 0.470518 0.0167659 256.651 -0.0239789 0.00933991 0.999669 -1.43734
0.470547 -0.882119 0.0212691 134.047 0.882247 0.470752 0.00568409 258.478 -0.0150265 0.0160899 0.999758 -1.48917
0.471308 -0.881954 0.00511379 134.983 0.881908 0.471335 0.00901469 260.264 -0.0103609 0.000261213 0.999946 -1.44774
0.471896 -0.881643 0.00455645 135.941 0.881605 0.471918 0.00821534 262.08 -0.00939327 0.000140214 0.999956 -1.46983
0.471835 -0.881654 0.00763886 136.912 0.881601 0.471892 0.0098749 263.908 -0.012311 0.0020751 0.999922 -1.45798
0.471699 -0.881704 0.00991483 137.888 0.88166 0.471785 0.00971817 265.755 -0.0132462 0.00415747 0.999904 -1.49099
0.474346 -0.88032 0.00583225 138.862 0.880243 0.474381 0.0115815 267.598 -0.0129621 -0.000359832 0.999916 -1.51804
0.474461 -0.880258 0.00569148 139.86 0.880191 0.474495 0.0108692 269.441 -0.0122682 -0.000147391 0.999925 -1.51412
