0.469094 -0.882644 0.0298483 -0.693361 0.883148 0.468798 -0.0166917 -0.563789 0.000740011 0.0341905 0.999415 -0.804431
0.467119 -0.883843 0.0249298 0.128075 0.884191 0.466849 -0.0161094 1.02828 0.0025997 0.0295677 0.999559 -0.79645
0.464411 -0.885241 0.0259088 0.963744 0.88562 0.4642 -0.0139831 2.63898 0.000351517 0.0294392 0.999566 -0.78176
0.461767 -0.8866 0.0267009 1.80159 0.887001 0.461522 -0.0150763 4.25616 0.00104365 0.0306455 0.99953 -0.768907
0.460257 -0.887359 0.0275204 2.64975 0.887786 0.460021 -0.0147283 5.90632 0.0004093 0.031211 0.999513 -0.754991
0.460869 -0.887014 0.028401 3.5045 0.887448 0.460839 -0.00799051 7.59025 -0.00600059 0.028887 0.999565 -0.745465
0.463027 -0.885729 0.0330236 4.37223 0.886296 0.463071 -0.00676193 9.25895 -0.00930304 0.0323996 0.999432 -0.744009
0.465546 -0.884504 0.0303255 5.24975 0.885022 0.465341 -0.0139233 10.966 -0.00179647 0.0333206 0.999443 -0.741145
0.467524 -0.883586 0.0264065 6.14941 0.883979 0.467268 -0.0155245 12.6755 0.00137831 0.0306009 0.999531 -0.73472
0.466719 -0.883695 0.0354615 7.06135 0.884386 0.466602 -0.012002 14.4096 -0.00594026 0.0369632 0.999299 -0.730487
0.464849 -0.884197 0.04595 7.99122 0.885389 0.464296 -0.0226981 16.1611 -0.00126485 0.0512348 0.998686 -0.719936
0.462065 -0.885863 0.0417544 8.91099 0.886835 0.461308 -0.0268053 17.9465 0.00448416 0.0494151 0.998768 -0.70792
0.460339 -0.886902 0.0386275 9.83838 0.887742 0.459839 -0.0214873 19.7569 0.00129471 0.0441827 0.999023 -0.672748
0.458748 -0.887838 0.0359826 10.7817 0.888565 0.458441 -0.0168292 21.5675 -0.00155434 0.0396932 0.999211 -0.666504
0.459553 -0.887484 0.0343936 11.7261 0.888114 0.459541 -0.00874538 23.4399 -0.00804386 0.0345644 0.99937 -0.638775
0.458629 -0.887961 0.0344157 12.6186 0.8886 0.458578 -0.00981797 25.177 -0.0070643 0.0350846 0.999359 -0.635163
0.458375 -0.888148 0.0329585 13.4852 0.888746 0.458257 -0.0114934 27.0069 -0.00489565 0.03456 0.999391 -0.648502
0.456292 -0.889128 0.0353455 14.3896 0.889789 0.456294 -0.00848074 28.7394 -0.00858746 0.0353197 0.999339 -0.635416
0.455614 -0.889476 0.0353409 15.2995 0.890173 0.455387 -0.0146968 30.5645 -0.00302134 0.0381555 0.999267 -0.627706
0.455319 -0.889851 0.0291469 16.1692 0.890316 0.455244 -0.00953068 32.275 -0.00478805 0.0302894 0.99953 -0.620761
0.45505 -0.889571 0.0399225 17.0736 0.890408 0.455076 -0.00896007 34.0424 -0.0101971 0.0396245 0.999163 -0.608788
0.454579 -0.889688 0.0425757 17.9689 0.890663 0.454512 -0.0118081 35.7646 -0.00884564 0.0432883 0.999023 -0.592598
0.454957 -0.889558 0.0412356 18.8422 0.890424 0.455081 -0.00687883 37.5286 -0.0126464 0.0398467 0.999126 -0.562957
0.452549 -0.8903 0.0506432 19.7384 0.891502 0.453009 -0.0026456 39.1931 -0.0205865 0.0463457 0.998713 -0.586464
0.450423 -0.891483 0.0487555 20.5655 0.89273 0.450462 -0.0108116 40.8622 -0.0123241 0.0483953 0.998752 -0.632743
0.449531 -0.892649 0.0331598 21.3916 0.893238 0.449495 -0.00897579 42.511 -0.00689294 0.0336545 0.99941 -0.621617
0.446589 -0.894234 0.0300717 22.1667 0.894681 0.446692 -0.00358818 44.1205 -0.0102241 0.028507 0.999541 -0.606372
0.441599 -0.89677 0.0281749 22.9716 0.897147 0.441728 -0.0017987 45.6894 -0.0108326 0.0260714 0.999601 -0.595916
0.437479 -0.898767 0.0288218 23.6719 0.899159 0.43762 -0.0015335 47.1734 -0.0112347 0.0265862 0.999583 -0.582049
0.431597 -0.901743 0.024153 24.4471 0.90196 0.431804 0.00386958 48.6874 -0.0139187 0.0201149 0.999701 -0.564744
0.423843 -0.905383 0.025294 25.1341 0.905516 0.42419 0.0101958 50.0929 -0.0199605 0.0185827 0.999628 -0.590877
0.415297 -0.909436 0.0213303 26.0466 0.909683 0.415241 -0.00720421 52.1 -0.00230546 0.0223957 0.999747 -0.572089
0.404394 -0.914449 0.0157605 26.92 0.914568 0.404431 -0.000919922 54.032 -0.00553282 0.0147861 0.999875 -0.535542
0.395189 -0.918388 0.0197568 27.7141 0.918578 0.39494 -0.015376 55.6947 0.00631836 0.0242246 0.999687 -0.517682
0.395437 -0.918393 0.0135578 28.4243 0.918491 0.395357 -0.00825405 57.332 0.00222027 0.0157167 0.999874 -0.492289
0.405883 -0.91352 0.0271988 29.1345 0.913897 0.405923 -0.00426986 58.8255 -0.00714003 0.02659 0.999621 -0.442907
0.466754 -0.884134 0.0211707 30.0163 0.884305 0.466903 0.00242565 60.5772 -0.0120293 0.0175892 0.999773 -0.433671
0.578188 -0.815551 0.0239791 30.9815 0.81567 0.578476 0.0069286 62.0959 -0.019522 0.015553 0.999688 -0.426292
0.726446 -0.686926 0.0202238 32.174 0.686973 0.726661 0.00562547 63.3268 -0.0185601 0.00980659 0.99978 -0.445188
0.874631 -0.484385 0.0198061 33.4325 0.48446 0.874813 0.00113881 64.2493 -0.0178783 0.00859923 0.999803 -0.458055
0.979814 -0.198427 0.0243197 35.3347 0.198566 0.980082 -0.00338355 64.7926 -0.0231639 0.0081443 0.999698 -0.469644
0.997938 0.0595506 0.0239388 37.2616 -0.0591766 0.998119 -0.01604 64.9206 -0.024849 0.0145903 0.999585 -0.542141
0.974468 0.223853 0.0173771 39.2455 -0.223832 0.974623 -0.00315238 64.676 -0.0176418 -0.000817652 0.999844 -0.531144
0.950791 0.309834 0.000155863 40.9319 -0.309823 0.950763 -0.00773701 64.1779 -0.00254538 0.00730798 0.99997 -0.555873
0.930474 0.366198 0.0108638 42.7476 -0.366105 0.930524 -0.00960884 63.4867 -0.0136277 0.00496349 0.999895 -0.583298
0.9194 0.393296 0.00470524 44.2242 -0.393163 0.9193 -0.0176279 62.8356 -0.0112585 0.0143571 0.999834 -0.581726
0.911736 0.410774 0.00178324 45.8352 -0.410643 0.911538 -0.0216915 62.1147 -0.0105358 0.0190446 0.999763 -0.609968
0.907009 0.421109 0.00170043 47.5691 -0.420979 0.906816 -0.0214982 61.295 -0.0105951 0.0187832 0.999767 -0.61423
0.907955 0.419055 -0.00325483 49.4464 -0.418932 0.907437 -0.0324712 60.3901 -0.0106537 0.0308459 0.999467 -0.631769
0.912243 0.409646 -0.00204755 50.7742 -0.40953 0.91184 -0.0288659 59.7231 -0.00995775 0.0271712 0.999581 -0.673611
