0.469098 -0.882671 0.0289569 -0.693347 0.883146 0.468818 -0.01623 -0.563785 0.000750244 0.0331866 0.999449 -0.804428
0.467121 -0.883867 0.0240382 0.128089 0.88419 0.466866 -0.0156475 1.02828 0.0026077 0.0285636 0.999589 -0.79645
0.464415 -0.885265 0.0250172 0.963752 0.885618 0.464218 -0.0135213 2.63898 0.000356479 0.0284351 0.999596 -0.78176
0.46177 -0.886624 0.0258093 1.8016 0.886999 0.46154 -0.0146146 4.25618 0.00104567 0.0296414 0.99956 -0.768907
0.460261 -0.887384 0.0266287 2.64975 0.887784 0.46004 -0.0142666 5.90634 0.000409682 0.0302069 0.999544 -0.754997
0.460879 -0.887037 0.0275093 3.5045 0.887443 0.460856 -0.00752895 7.59027 -0.00599939 0.0278829 0.999593 -0.745488
0.46304 -0.885755 0.0321319 4.37224 0.886289 0.463091 -0.00630063 9.25897 -0.00929919 0.0313956 0.999464 -0.744029
0.465553 -0.884531 0.0294336 5.24976 0.885018 0.465362 -0.0134623 10.966 -0.00178946 0.0323167 0.999476 -0.741172
0.467529 -0.88361 0.0255143 6.14943 0.883977 0.467288 -0.0150639 12.6755 0.00138809 0.0295968 0.999561 -0.734736
0.46673 -0.883724 0.0345691 7.06138 0.88438 0.466625 -0.0115423 14.4097 -0.0059306 0.0359594 0.999336 -0.730491
0.464857 -0.884239 0.0450577 7.99126 0.885385 0.464326 -0.0222397 16.1611 -0.00125626 0.0502316 0.998737 -0.71992
0.462068 -0.885903 0.0408613 8.91105 0.886833 0.461338 -0.0263481 17.9465 0.00449096 0.0484117 0.998817 -0.707906
0.460345 -0.886938 0.0377335 9.83843 0.88774 0.459866 -0.0210313 19.757 0.00130117 0.0431792 0.999067 -0.672738
0.458754 -0.88787 0.0350876 10.7817 0.888562 0.458464 -0.0163746 21.5675 -0.00154783 0.0386894 0.99925 -0.666479
0.459563 -0.887513 0.0334975 11.7262 0.888109 0.459559 -0.00829249 23.44 -0.00803439 0.0335604 0.999404 -0.638759
0.458634 -0.887993 0.0335187 12.6187 0.888597 0.458593 -0.00936685 25.1771 -0.00705374 0.0340806 0.999394 -0.635135
0.458374 -0.888181 0.0320605 13.4854 0.888746 0.458267 -0.011044 27.007 -0.0048832 0.0335559 0.999425 -0.648523
0.456288 -0.889165 0.0344465 14.3898 0.889791 0.456298 -0.00803316 28.7396 -0.00857509 0.0343157 0.999374 -0.635403
0.455598 -0.889519 0.0344411 15.2997 0.890181 0.455385 -0.0142509 30.5647 -0.00300755 0.0371515 0.999305 -0.627691
0.455295 -0.889893 0.0282459 16.1694 0.890328 0.455229 -0.00908633 32.2754 -0.00477253 0.0292851 0.99956 -0.620722
0.45502 -0.889626 0.0390211 17.0738 0.890423 0.455054 -0.00851659 34.0428 -0.0101802 0.0386205 0.999202 -0.608714
0.454535 -0.889754 0.0416742 17.9691 0.890685 0.454479 -0.011365 35.7652 -0.00882799 0.0422844 0.999067 -0.592469
0.454902 -0.889628 0.0403337 18.8424 0.890452 0.455032 -0.00643542 37.5294 -0.012628 0.0388427 0.999166 -0.562804
0.452486 -0.890383 0.0497419 19.7386 0.891534 0.452948 -0.00219966 39.1941 -0.0205719 0.0453419 0.99876 -0.586216
0.450337 -0.891575 0.0478568 20.5657 0.892774 0.450386 -0.0103616 40.8635 -0.0123159 0.0473915 0.998801 -0.632457
0.449426 -0.892735 0.0322634 21.3916 0.893291 0.449398 -0.0085208 42.5126 -0.0068923 0.0326501 0.999443 -0.621281
0.446476 -0.89432 0.029179 22.1666 0.894737 0.446582 -0.00312407 44.1225 -0.0102369 0.0275024 0.999569 -0.606013
0.441481 -0.896856 0.0272886 22.9714 0.897205 0.441613 -0.00132138 45.692 -0.0108659 0.0250668 0.999627 -0.595488
0.437364 -0.89885 0.0279444 23.6716 0.899214 0.437509 -0.00103796 47.1767 -0.011293 0.025582 0.999609 -0.581613
0.431503 -0.901811 0.0232871 24.4467 0.902003 0.431708 0.00438845 48.6916 -0.0140108 0.0191114 0.999719 -0.564261
0.423792 -0.90543 0.0244435 25.1337 0.905537 0.424132 0.0107466 50.098 -0.0200976 0.0175802 0.999644 -0.590391
0.415305 -0.909452 0.0205014 26.046 0.909679 0.41526 -0.00661074 52.1064 -0.00250127 0.0213952 0.999768 -0.571774
0.404524 -0.914405 0.014958 26.9194 0.914509 0.404565 -0.000272467 54.04 -0.00580233 0.0137894 0.999888 -0.535475
0.395484 -0.918277 0.0189812 27.7137 0.918454 0.395257 -0.014666 55.7046 0.00596498 0.0232335 0.999712 -0.517874
0.395973 -0.918173 0.0128182 28.4244 0.918261 0.395907 -0.00746867 57.344 0.0017827 0.0147279 0.99989 -0.492925
0.406737 -0.913161 0.0264999 29.1353 0.913513 0.406795 -0.00342121 58.8402 -0.0076559 0.0255995 0.999643 -0.444044
0.468004 -0.883488 0.020522 30.0188 0.883637 0.468161 0.00335857 60.5949 -0.0125749 0.0165622 0.999784 -0.435602
0.579873 -0.814372 0.023385 30.9862 0.814461 0.580164 0.00793269 62.117 -0.0200273 0.0144462 0.999695 -0.429009
0.728485 -0.68478 0.0196717 32.1814 0.684801 0.7287 0.00671152 63.3512 -0.0189307 0.00858199 0.999784 -0.448547
0.876663 -0.48072 0.0192703 33.4431 0.480769 0.876844 0.00229021 64.277 -0.017998 0.00725684 0.999812 -0.461986
0.981008 -0.19251 0.0237551 35.3485 0.192616 0.981272 -0.00221194 64.8208 -0.0228844 0.00674554 0.999715 -0.47364
0.997405 0.0681589 0.0232087 37.2779 -0.0678266 0.997587 -0.014817 64.9471 -0.0241626 0.0132044 0.999621 -0.545897
0.971689 0.235676 0.0166318 39.2621 -0.235679 0.971829 -0.00181947 64.6968 -0.0165921 -0.00215181 0.99986 -0.534221
0.945533 0.325526 -0.000857369 40.9458 -0.325525 0.945514 -0.00604747 64.1907 -0.00115796 0.00599717 0.999981 -0.558004
0.922201 0.386594 0.00950861 42.7541 -0.386529 0.922243 -0.00795959 63.4825 -0.0118464 0.00366498 0.999923 -0.58378
0.907897 0.419184 0.00273869 44.221 -0.419095 0.907808 -0.0156401 62.8117 -0.00904228 0.0130518 0.999874 -0.580454
0.896574 0.442893 -0.000842501 45.816 -0.442825 0.8964 -0.0193497 62.0568 -0.00781464 0.0177215 0.999812 -0.605898
0.88787 0.460092 -0.00153875 47.5239 -0.460036 0.8877 -0.0188458 61.1842 -0.00730486 0.0174405 0.999821 -0.605845
0.885126 0.465289 -0.00771411 49.3623 -0.465303 0.884669 -0.0292144 60.2011 -0.00676868 0.0294478 0.999543 -0.617009
0.886322 0.463017 -0.00701984 50.6516 -0.463038 0.885977 -0.0253218 59.4594 -0.00550501 0.0256937 0.999655 -0.652779
0.887369 0.461016 -0.00634262 52.0062 -0.461024 0.887045 -0.0246504 58.7342 -0.00573805 0.0247981 0.999676 -0.645667
0.888376 0.459117 -0.000496402 53.3952 -0.459026 0.888176 -0.020962 58.0618 -0.00918314 0.01885 0.99978 -0.653629
0.889967 0.455982 -0.00624988 54.8159 -0.455998 0.889683 -0.023025 57.3355 -0.00493859 0.0233414 0.999715 -0.671499
0.889283 0.457306 -0.00680989 56.3099 -0.457354 0.889232 -0.00968529 56.5921 0.00162643 0.0117275 0.99993 -0.671168
0.888882 0.458115 -0.00436295 57.8188 -0.458136 0.888848 -0.00777484 55.8189 0.000316235 0.00890973 0.99996 -0.656698
0.888655 0.458565 -0.00311905 59.2477 -0.458573 0.888604 -0.00967145 55.0821 -0.00166339 0.0100249 0.999948 -0.641104
0.888435 0.458992 -0.00298848 60.7245 -0.459001 0.888403 -0.00762974 54.3502 -0.00084701 0.00815025 0.999967 -0.636147
0.88705 0.461672 -0.00122125 62.147 -0.461673 0.887048 -0.00216758 53.5881 8.25975e-05 0.00248657 0.999997 -0.604548
0.88273 0.469853 0.00504057 63.6446 -0.469858 0.882742 -0.000274637 52.8533 -0.00457856 -0.00212592 0.999987 -0.597049
0.875408 0.483292 0.00948145 65.0455 -0.483331 0.875435 0.00219829 52.0945 -0.00723799 -0.00650708 0.999953 -0.574517
0.86584 0.500198 0.0111085 66.4553 -0.500271 0.865855 0.00505256 51.3138 -0.00709109 -0.00993198 0.999926 -0.581116
0.853948 0.520133 0.0153275 67.8513 -0.520284 0.853954 0.00817904 50.5429 -0.00883477 -0.0149591 0.999849 -0.5794
0.838511 0.544567 0.0186019 69.2012 -0.544779 0.838531 0.00898801 49.6955 -0.0107037 -0.0176705 0.999787 -0.552456
0.823546 0.566978 0.0175764 70.4928 -0.567174 0.823547 0.00920167 48.8975 -0.00925785 -0.0175469 0.999803 -0.560135
0.807527 0.589529 0.0188531 71.7818 -0.589801 0.807392 0.015883 48.0062 -0.00585837 -0.0239455 0.999696 -0.570531
0.790458 0.612313 0.015792 72.9942 -0.612483 0.79042 0.0100145 47.135 -0.0063503 -0.0175883 0.999825 -0.53149
0.773665 0.633435 0.0142511 74.2028 -0.633531 0.773711 0.00314092 46.2085 -0.00903666 -0.0114585 0.999894 -0.537691
0.760215 0.649367 0.0199045 75.3247 -0.649549 0.76031 0.00382983 45.2823 -0.0126466 -0.0158405 0.999795 -0.490996
0.748475 0.663012 0.014189 76.9132 -0.663042 0.748576 -0.00311542 44.0095 -0.0126871 -0.00707613 0.999894 -0.463082
0.7445 0.667513 0.0120866 78.3837 -0.667557 0.744559 -0.000549391 42.6877 -0.00936593 -0.00765949 0.999927 -0.436369
0.758348 0.651795 0.00841757 79.7276 -0.65181 0.758381 -0.00117814 41.5347 -0.00715163 -0.00459322 0.999964 -0.42381
0.789445 0.613814 0.00298997 80.9778 -0.613821 0.789439 0.00312141 40.602 -0.000444442 -0.00429949 0.999991 -0.460971
0.840868 0.541225 0.00415935 82.294 -0.541241 0.840837 0.00714833 39.7579 0.000371507 -0.00826201 0.999966 -0.446912
0.923703 0.382841 0.014348 84.1385 -0.382884 0.923797 0.000254614 39.0116 -0.0131572 -0.00572881 0.999897 -0.41516
0.990385 0.138242 0.00509821 85.9922 -0.138236 0.990398 -0.00156206 38.6087 -0.00526521 0.000842276 0.999986 -0.398239
0.989305 -0.145807 -0.00406302 87.8336 0.145802 0.989313 -0.00149094 38.7376 0.00423698 0.000882603 0.999991 -0.430767
0.911316 -0.411568 0.0107553 89.53 0.411563 0.911377 0.00278212 39.3309 -0.0109472 0.00189109 0.999938 -0.358182
0.808342 -0.588616 0.0107249 90.9393 0.588398 0.808371 0.0180378 40.3175 -0.019287 -0.00827016 0.99978 -0.324036
0.754037 -0.656754 0.0101597 91.9468 0.656631 0.754098 0.0131146 41.1896 -0.0162745 -0.00321775 0.999862 -0.368813
0.728129 -0.685438 0.00166293 93.0314 0.685256 0.727987 0.0214311 42.2037 -0.0159003 -0.0144651 0.999769 -0.34421
0.718949 -0.695011 -0.00850483 94.1734 0.69503 0.71874 0.0186355 43.3357 -0.00683915 -0.0193091 0.99979 -0.385219
0.721722 -0.692097 -0.0109003 95.384 0.692177 0.72169 0.00733596 44.5644 0.00278945 -0.0128395 0.999914 -0.355493
0.726015 -0.687654 -0.00593695 96.6887 0.687618 0.725809 0.0195812 45.8419 -0.009156 -0.0182986 0.999791 -0.357531
0.726122 -0.687564 0.00171065 98.1329 0.687501 0.726085 0.0119601 47.2295 -0.00946541 -0.00750841 0.999927 -0.390742
0.720125 -0.693766 -0.0104823 99.5351 0.693828 0.720131 0.00388594 48.6389 0.00485268 -0.0100713 0.999938 -0.391523
0.713667 -0.700477 -0.00344449 100.546 0.700474 0.713618 0.00924772 49.6463 -0.00401977 -0.00901256 0.999951 -0.421379
0.708577 -0.705632 0.00145575 101.598 0.705582 0.708549 0.0105955 50.7092 -0.00850802 -0.0064806 0.999943 -0.375014
0.702694 -0.711415 -0.0104636 102.649 0.711492 0.702632 0.00935176 51.8052 0.000699073 -0.0140162 0.999902 -0.399882
0.695429 -0.718476 -0.0131024 103.727 0.718594 0.695342 0.0110244 52.9449 0.00118986 -0.017082 0.999853 -0.394658
0.689698 -0.72399 -0.0124474 104.846 0.724095 0.68956 0.0138787 54.0747 -0.00146485 -0.0185852 0.999826 -0.412524
0.686786 -0.726826 -0.00698537 106.001 0.726842 0.68667 0.013575 55.2596 -0.00507006 -0.0144004 0.999883 -0.412298
0.68675 -0.726894 0.000384833 107.153 0.726868 0.68673 0.00813631 56.4882 -0.00617851 -0.00530788 0.999967 -0.389277
0.688374 -0.725075 -0.0201675 108.258 0.725348 0.687977 0.0236069 57.7383 -0.00324202 -0.0308789 0.999518 -0.387499
0.693346 -0.720203 -0.0240602 109.418 0.720592 0.692747 0.0291463 58.9981 -0.00432363 -0.0375461 0.999286 -0.389417
0.696871 -0.71685 -0.0222963 110.629 0.717191 0.696399 0.0258028 60.2737 -0.00296963 -0.0339719 0.999418 -0.401386
0.69848 -0.715462 -0.0154798 111.828 0.715626 0.698246 0.0182259 61.4886 -0.0022312 -0.0238082 0.999714 -0.409053
0.701589 -0.71244 -0.0142604 113.038 0.712568 0.701304 0.0205155 62.7361 -0.0046152 -0.024555 0.999688 -0.355899
0.704393 -0.709727 -0.0108516 114.252 0.709669 0.703866 0.0306955 64.0368 -0.0141473 -0.0293227 0.99947 -0.366019
0.706166 -0.707846 -0.0168746 115.432 0.708046 0.705993 0.0156457 65.2025 0.000838543 -0.0229964 0.999735 -0.425165
0.705931 -0.708075 -0.0170552 116.632 0.708277 0.705796 0.0139895 66.4052 0.0021319 -0.0219554 0.999757 -0.351597
0.705265 -0.708872 0.0101348 117.839 0.708189 0.705101 0.0360702 67.599 -0.0327152 -0.0182617 0.999298 -0.362619
0.704599 -0.709587 -0.00517604 118.996 0.709461 0.704289 0.02534 68.7891 -0.0143355 -0.0215268 0.999665 -0.419346
0.703285 -0.710793 -0.0128246 120.17 0.710893 0.703036 0.0192553 69.9828 -0.00467035 -0.0226588 0.999732 -0.369974
0.70004 -0.714023 -0.0107853 121.303 0.714067 0.699771 0.020714 71.1814 -0.00724302 -0.022202 0.999727 -0.41414
0.694276 -0.719539 -0.015635 122.436 0.719684 0.693909 0.0233483 72.3864 -0.00595074 -0.0274624 0.999605 -0.443215
0.690791 -0.722816 -0.0185771 123.543 0.723 0.690194 0.0300692 73.516 -0.00891275 -0.0342028 0.999375 -0.38455
0.689082 -0.724495 -0.0165287 124.695 0.724592 0.688452 0.0316335 74.7372 -0.011539 -0.0337746 0.999363 -0.400943
0.684393 -0.72891 -0.0172141 125.807 0.729092 0.683999 0.0238962 75.9434 -0.00564377 -0.028905 0.999566 -0.428092
0.674348 -0.738351 -0.00966615 126.878 0.738374 0.674116 0.01928 77.0967 -0.00771932 -0.0201387 0.999767 -0.405685
0.667489 -0.744615 0.00266085 127.962 0.744151 0.667192 0.0330695 78.3014 -0.0263994 -0.0200935 0.999449 -0.392528
0.660568 -0.750766 -0.000166089 128.983 0.750363 0.660206 0.0329068 79.4672 -0.0245956 -0.0218618 0.999458 -0.425517
0.650766 -0.759266 -0.00421639 130.071 0.759235 0.65066 0.0143234 80.75 -0.00813183 -0.0125224 0.999889 -0.448665
0.640045 -0.768248 -0.0117141 131.063 0.768276 0.639726 0.0224302 81.9881 -0.00973816 -0.023356 0.99968 -0.47997
0.626147 -0.779555 -0.0152883 132.047 0.779676 0.625833 0.020963 83.2477 -0.00677393 -0.0250459 0.999663 -0.47667
0.61224 -0.790407 -0.0204732 133.079 0.790662 0.611896 0.0209074 84.5482 -0.00399788 -0.0289878 0.999572 -0.479485
0.598729 -0.800747 -0.0180924 134.072 0.800773 0.597967 0.0346024 85.8898 -0.0168891 -0.0352054 0.999237 -0.498548
0.585809 -0.810331 -0.013856 135.039 0.810028 0.584867 0.0422485 87.2474 -0.0261313 -0.0359733 0.999011 -0.518418
0.578168 -0.815567 -0.0239194 135.977 0.815736 0.57717 0.038078 88.5943 -0.0172496 -0.0415273 0.998988 -0.531917
0.571551 -0.819689 -0.0379483 136.892 0.820538 0.57053 0.0348368 89.922 -0.00690465 -0.051049 0.998672 -0.545303
0.565952 -0.823795 -0.0325697 137.819 0.824132 0.564223 0.0495924 91.327 -0.0224774 -0.0549086 0.998238 -0.556579
0.559211 -0.828606 -0.0263599 138.709 0.828511 0.557462 0.0529688 92.6541 -0.0291956 -0.0514603 0.998248 -0.573769
0.549174 -0.835562 -0.0156094 139.635 0.835565 0.548638 0.0287545 94.0204 -0.0154623 -0.0288339 0.999465 -0.598698
0.536044 -0.843938 -0.0206326 140.527 0.84397 0.535186 0.0359312 95.4577 -0.0192814 -0.036674 0.999141 -0.641455
0.524539 -0.851386 -0.000820073 141.357 0.850939 0.524232 0.0329228 96.8363 -0.0276001 -0.0179671 0.999458 -0.6054
0.514173 -0.857613 0.0112311 142.257 0.857381 0.514296 0.0199296 98.2699 -0.022868 -0.000617936 0.999738 -0.611345
0.501891 -0.864911 0.00588634 143.13 0.864908 0.501916 0.00394582 99.7241 -0.00636723 0.00311077 0.999975 -0.7135
0.492353 -0.870384 0.00458326 143.9 0.870111 0.492319 0.0229954 101.148 -0.0222712 -0.0073339 0.999725 -0.687529
0.483864 -0.875027 0.014258 144.708 0.874683 0.484073 0.0245454 102.649 -0.0283798 0.000594591 0.999597 -0.665978
0.479572 -0.877492 -0.00433704 145.529 0.87745 0.479483 0.0132806 104.165 -0.00957409 -0.0101745 0.999902 -0.689865
0.475161 -0.879869 -0.00721819 146.328 0.879875 0.475072 0.0113024 105.665 -0.00651549 -0.0117216 0.99991 -0.749806
0.474042 -0.880501 0.00129918 147.136 0.880258 0.473945 0.0228425 107.187 -0.0207286 -0.0096847 0.999738 -0.753147
0.46997 -0.882654 0.00715353 147.929 0.882553 0.470024 0.0133614 108.703 -0.0151558 3.39182e-05 0.999885 -0.761891
0.466361 -0.884593 -0.00127161 148.71 0.884594 0.466361 0.000380021 110.153 0.000256863 -0.00130208 0.999999 -0.790966
0.463448 -0.886124 0.000475409 149.487 0.886037 0.46341 0.013769 111.641 -0.0124213 -0.00595998 0.999905 -0.809409
0.461234 -0.887218 0.0103583 150.308 0.887163 0.461331 0.0107628 113.226 -0.0143275 0.00422529 0.999888 -0.759204
0.460204 -0.887811 0.00202237 151.034 0.887787 0.460206 0.00673064 114.681 -0.00690625 -0.00130203 0.999975 -0.750157
0.457226 -0.88935 -0.000182018 151.78 0.889245 0.457169 0.015461 116.177 -0.013667 -0.00723102 0.99988 -0.764424
0.453957 -0.891022 -0.00196486 152.521 0.890856 0.453827 0.020433 117.663 -0.0173145 -0.0110261 0.999789 -0.741042
0.451524 -0.89217 -0.0125805 153.269 0.892217 0.45132 0.0161139 119.104 -0.00869846 -0.0185004 0.999791 -0.78404
0.446732 -0.894608 -0.0103477 153.971 0.894551 0.446458 0.0213034 120.587 -0.0144383 -0.0187735 0.99972 -0.807974
0.442655 -0.896692 0.000704467 154.695 0.896226 0.44245 0.0318733 121.958 -0.0288922 -0.0134775 0.999492 -0.806523
0.441254 -0.897353 -0.00726483 155.344 0.897237 0.441023 0.0215435 123.315 -0.0161281 -0.0160244 0.999741 -0.828976
0.443586 -0.896034 -0.0188617 156.282 0.896222 0.443385 0.013982 125.197 -0.00416534 -0.0231065 0.999724 -0.868403
0.457542 -0.889009 -0.0178344 157.154 0.88906 0.457043 0.0261675 127.013 -0.015112 -0.0278286 0.999498 -0.827547
0.475057 -0.879657 -0.0229124 158.079 0.879881 0.474517 0.025376 128.782 -0.0114499 -0.0322153 0.999415 -0.897461
0.493989 -0.868748 -0.0353768 158.992 0.869467 0.493642 0.018552 130.489 0.00134647 -0.0399234 0.999202 -0.898147
0.511142 -0.859397 -0.0130687 160.017 0.85943 0.510855 0.0201617 132.189 -0.0106507 -0.0215371 0.999711 -0.858194
0.516792 -0.855976 -0.0151776 160.994 0.856022 0.516401 0.0235935 133.861 -0.0123577 -0.0251854 0.999606 -0.862415
0.519051 -0.854472 -0.0215143 161.962 0.854703 0.518621 0.0226815 135.509 -0.00822299 -0.0301612 0.999511 -0.885895
0.516353 -0.85599 -0.0256976 162.931 0.856315 0.516443 0.00351793 137.201 0.01026 -0.0238218 0.999664 -0.833651
0.510254 -0.859911 -0.0139365 163.963 0.859811 0.5097 0.0305307 138.998 -0.0191503 -0.0275612 0.999437 -0.781117
0.508162 -0.861111 -0.0161312 164.98 0.861097 0.507609 0.0290733 140.765 -0.016847 -0.0286645 0.999447 -0.888298
0.50815 -0.861255 -0.0048348 166.025 0.861209 0.50804 0.0146599 142.565 -0.0101697 -0.0116132 0.999881 -0.923595
0.512596 -0.858604 0.00664412 167.087 0.858556 0.512638 0.0091449 144.355 -0.0112579 0.00101671 0.999936 -0.864495
0.519929 -0.854101 0.0136048 168.169 0.854148 0.520017 0.0037234 146.141 -0.0102549 0.0096846 0.999901 -0.892684
0.528622 -0.848412 0.0274842 169.19 0.848659 0.528921 0.00448938 147.886 -0.0183458 0.0209516 0.999612 -0.784497
0.541182 -0.840764 0.0154194 170.243 0.840905 0.54107 -0.0110411 149.587 0.000940013 0.0189415 0.99982 -0.818604
0.554041 -0.832224 0.0210093 171.282 0.832367 0.554216 0.00315833 151.262 -0.0142721 0.0157376 0.999774 -0.842535
0.563821 -0.825464 0.0267453 172.279 0.825561 0.56422 0.010261 152.748 -0.0235603 0.0162946 0.99959 -0.804192
0.55651 -0.829945 0.0385689 173.201 0.830584 0.556892 -0.00100326 154.153 -0.0206461 0.032593 0.999255 -0.831804
0.523893 -0.85104 0.0356101 173.976 0.851658 0.524076 -0.00471043 155.462 -0.0146536 0.0327954 0.999355 -0.849342
0.428002 -0.903055 0.0361378 174.781 0.903611 0.428349 0.00207519 157.282 -0.0173536 0.0317663 0.999345 -0.848021
0.261151 -0.965193 0.0142515 175.267 0.965288 0.261188 0.000776464 159.09 -0.00447176 0.013554 0.999898 -0.839284
0.0380478 -0.999028 -0.0222502 175.331 0.999272 0.0379786 0.00352478 160.776 -0.00267632 -0.0223681 0.999746 -0.837453
-0.197071 -0.979493 -0.0419071 175.077 0.979717 -0.198339 0.0285858 162.426 -0.0363115 -0.0354237 0.998712 -0.82732
-0.423118 -0.905074 -0.0425715 174.482 0.904694 -0.424599 0.0352797 163.836 -0.0500066 -0.0235867 0.99847 -0.971418
-0.625179 -0.779897 -0.0302044 173.558 0.77968 -0.625822 0.021104 165.129 -0.0353615 -0.010356 0.999321 -0.971416
-0.75908 -0.650331 -0.0294465 172.306 0.650105 -0.759631 0.0179912 166.308 -0.0340687 -0.00548654 0.999404 -1.05893
-0.816432 -0.576852 -0.0260893 171.114 0.576759 -0.816831 0.0116924 167.13 -0.0280553 -0.00550121 0.999591 -1.08905
-0.850053 -0.525995 -0.0271838 169.794 0.526185 -0.850371 0.000213476 167.914 -0.0232285 -0.0141222 0.99963 -1.14573
-0.863775 -0.503195 -0.0262187 168.277 0.503436 -0.864027 -0.00310347 168.773 -0.021092 -0.0158801 0.999651 -1.18208
-0.870737 -0.491053 -0.0261522 166.615 0.491296 -0.870986 -0.00337278 169.706 -0.021122 -0.0157853 0.999652 -1.22307
-0.874273 -0.484994 -0.0207026 164.725 0.4852 -0.874381 -0.00619077 170.699 -0.0150994 -0.0154573 0.999767 -1.28495
-0.876992 -0.480133 -0.0188923 163.355 0.480329 -0.877057 -0.00742156 171.415 -0.0130063 -0.0155832 0.999794 -1.28132
-0.87835 -0.477689 -0.0177369 161.98 0.477819 -0.87845 -0.00375572 172.123 -0.0137869 -0.0117739 0.999836 -1.30604
-0.879297 -0.476067 -0.0140596 160.482 0.476107 -0.879387 0.000548302 172.906 -0.0126249 -0.00621176 0.999901 -1.31453
-0.878813 -0.476796 -0.0188032 158.915 0.476831 -0.878991 0.00287101 173.714 -0.0178967 -0.00644285 0.999819 -1.30591
-0.878877 -0.476649 -0.0195316 157.371 0.476605 -0.879089 0.00715033 174.528 -0.0205782 -0.00302459 0.999784 -1.34193
-0.879586 -0.475542 -0.0137196 155.832 0.475507 -0.879692 0.00594744 175.32 -0.0148973 -0.00129246 0.999888 -1.35315
-0.881018 -0.472864 -0.014431 154.277 0.472777 -0.881135 0.00914495 176.142 -0.01704 0.0012342 0.999854 -1.3848
-0.88316 -0.468705 -0.0185356 152.767 0.468271 -0.883272 0.0235271 176.937 -0.0273992 0.0120985 0.999551 -1.40906
-0.885211 -0.464904 -0.0162758 151.195 0.464555 -0.88529 0.0212336 177.767 -0.0242804 0.0112353 0.999642 -1.43976
-0.886355 -0.462825 -0.012964 149.642 0.462586 -0.886396 0.0178087 178.557 -0.0197335 0.00978792 0.999757 -1.46425
-0.886963 -0.46169 -0.0117608 148.091 0.461455 -0.886976 0.0182693 179.329 -0.0188663 0.0107772 0.999764 -1.51006
-0.88701 -0.461692 -0.0073802 146.546 0.461597 -0.887014 0.0116099 180.114 -0.0119065 0.00689139 0.999905 -1.50703
-0.88587 -0.463889 -0.00636737 145.058 0.463857 -0.88589 0.00596479 180.89 -0.0084078 0.00233049 0.999962 -1.49597
-0.883514 -0.468381 -0.00483044 143.504 0.468353 -0.883522 0.00586702 181.692 -0.0070158 0.00292124 0.999971 -1.47885
-0.881311 -0.472453 -0.00893045 141.989 0.472447 -0.881355 0.00288976 182.493 -0.00923616 -0.00167238 0.999956 -1.52362
-0.87904 -0.476748 -0.00124526 140.525 0.476706 -0.878991 0.0112329 183.314 -0.00644984 0.00928058 0.999936 -1.48445
-0.877954 -0.47874 0.00217954 139.045 0.47873 -0.877882 0.0119029 184.123 -0.00378502 0.0114936 0.999927 -1.47922
-0.877841 -0.478933 -0.00429141 137.605 0.478857 -0.877809 0.0121373 184.9 -0.00957999 0.00859962 0.999917 -1.49741
-0.880114 -0.474744 -0.0040446 136.151 0.474664 -0.880074 0.0127784 185.681 -0.00962603 0.00932666 0.99991 -1.47589
-0.883361 -0.468691 0.00161884 134.683 0.468691 -0.883339 0.00641534 186.439 -0.00157682 0.00642579 0.999978 -1.47777
-0.887681 -0.460444 0.00375696 133.272 0.460455 -0.887679 0.00283865 187.198 0.00202794 0.00424973 0.999989 -1.46274
-0.892645 -0.450758 -0.00116549 131.834 0.45076 -0.892645 -0.00112387 187.919 -0.000533773 -0.00152858 0.999999 -1.45903
-0.897259 -0.441428 -0.00817714 130.381 0.441486 -0.897235 -0.00767489 188.606 -0.0039489 -0.0104965 0.999937 -1.45431
-0.900506 -0.434794 -0.0066518 128.977 0.434841 -0.900454 -0.00982462 189.286 -0.00171795 -0.0117396 0.99993 -1.42247
-0.902407 -0.430814 -0.00782587 127.58 0.430883 -0.902311 -0.0132409 189.942 -0.00135702 -0.0153207 0.999882 -1.42844
-0.90475 -0.425758 -0.0125753 125.556 0.425938 -0.904497 -0.0215131 190.868 -0.00221491 -0.0248203 0.99969 -1.41827
-0.905227 -0.424561 -0.0176557 123.717 0.42489 -0.904922 -0.0241737 191.722 -0.00571378 -0.0293844 0.999552 -1.41954
-0.903721 -0.427729 -0.0183264 121.938 0.428105 -0.903235 -0.029877 192.584 -0.0037738 -0.0348461 0.999386 -1.34194
-0.902835 -0.429729 -0.0148836 120.312 0.429968 -0.902577 -0.0219669 193.368 -0.00399381 -0.026232 0.999648 -1.3573
-0.900417 -0.434713 -0.01655 118.79 0.435004 -0.900118 -0.0236515 194.138 -0.00461536 -0.0284956 0.999583 -1.32399
-0.898785 -0.438053 -0.0171994 117.408 0.438337 -0.898595 -0.0196888 194.797 -0.00683055 -0.0252351 0.999658 -1.32775
-0.893823 -0.447897 -0.0216238 115.822 0.448263 -0.893745 -0.016741 195.657 -0.0118279 -0.0246567 0.999626 -1.28811
-0.887999 -0.459434 -0.0194577 114.506 0.459701 -0.887985 -0.0125395 196.367 -0.0115171 -0.0200798 0.999732 -1.30875
-0.881397 -0.472223 -0.0120178 113.049 0.472363 -0.881279 -0.0148455 197.157 -0.0035806 -0.0187615 0.999818 -1.30514
-0.875719 -0.482725 0.00961161 111.744 0.482561 -0.875727 -0.0153781 197.921 0.0158406 -0.00882872 0.999836 -1.30202
-0.826799 -0.562496 0.00100935 110.459 0.562413 -0.826706 -0.0157907 198.7 0.00971666 -0.0124881 0.999875 -1.24248
-0.709115 -0.705073 0.00524995 109.135 0.705081 -0.709127 -0.000494258 199.804 0.00407137 0.00335115 0.999986 -1.19881
-0.513434 -0.858113 -0.00527296 108.09 0.858091 -0.513459 0.0063463 201.2 -0.0081533 -0.00126627 0.999966 -1.1927
-0.226553 -0.973997 0.00206478 107.406 0.973998 -0.226554 -0.000451379 203.008 0.000907426 0.00190883 0.999998 -1.19654
0.0221048 -0.99967 0.0130528 107.333 0.999732 0.0221927 0.00662341 204.869 -0.0069109 0.0129029 0.999893 -1.22397
0.182346 -0.983122 0.0148875 107.491 0.983234 0.182332 -0.00230567 206.474 -0.000447715 0.0150583 0.999887 -1.22511
0.302674 -0.952905 0.0189764 107.927 0.953073 0.30274 0.000607301 208.209 -0.0063236 0.017902 0.99982 -1.24302
0.378414 -0.925319 0.0242601 108.526 0.925598 0.378507 -0.000825803 210.065 -0.00841849 0.0227676 0.999705 -1.22182
0.41796 -0.9081 0.0257524 109.317 0.908437 0.418002 -0.00397027 211.879 -0.00715917 0.0250539 0.99966 -1.23334
0.441639 -0.896757 0.0279682 110.227 0.897165 0.441657 -0.00586738 213.844 -0.00709072 0.0276833 0.999592 -1.26419
0.453985 -0.890641 0.0256141 110.892 0.890962 0.45407 -0.00271801 215.209 -0.00920983 0.0240551 0.999668 -1.23298
0.462414 -0.886085 0.0320443 111.608 0.886582 0.462561 -0.00312678 216.577 -0.0120518 0.0298558 0.999482 -1.25956
0.46644 -0.883902 0.033915 112.362 0.884501 0.466484 -0.00709191 217.988 -0.00955223 0.0333058 0.9994 -1.28655
0.47018 -0.882212 0.0251457 113.131 0.882566 0.470081 -0.0100871 219.463 -0.00292161 0.0269355 0.999633 -1.31335
0.474755 -0.879969 0.0162281 113.949 0.880099 0.474786 -0.00207896 220.998 -0.00587544 0.0152693 0.999866 -1.29475
0.477514 -0.877981 0.0336112 114.823 0.878316 0.478011 0.00823096 222.581 -0.0232932 0.0255909 0.999401 -1.35523
0.479535 -0.876314 0.0460445 115.705 0.877389 0.479718 -0.00769122 224.149 -0.0153485 0.0440871 0.99891 -1.37345
0.479681 -0.876844 0.0324131 116.602 0.877435 0.479503 -0.0135903 225.827 -0.00362554 0.0349594 0.999382 -1.38385
0.480795 -0.876253 0.0318882 117.533 0.876819 0.480677 -0.0117637 227.53 -0.00501995 0.0336161 0.999422 -1.37513
0.481567 -0.87564 0.0367088 118.476 0.876267 0.48182 -0.00218284 229.278 -0.0157757 0.0332179 0.999324 -1.38596
0.483325 -0.874472 0.0411861 119.44 0.875167 0.483816 0.00227049 231.015 -0.021912 0.0349473 0.999149 -1.40289
0.483791 -0.874275 0.039868 120.39 0.875051 0.484008 -0.00464969 232.784 -0.0152313 0.037136 0.999194 -1.44383
0.483855 -0.874341 0.0375849 121.443 0.875067 0.483948 -0.00718664 234.675 -0.0119056 0.0363666 0.999268 -1.42537
0.48139 -0.875583 0.0402127 122.443 0.87635 0.481664 -0.00321494 236.488 -0.016554 0.036788 0.999186 -1.4245
0.479038 -0.876367 0.0500286 123.422 0.877666 0.479164 -0.0102307 238.31 -0.015006 0.0488093 0.998695 -1.49463
0.4764 -0.878397 0.0382271 124.429 0.879195 0.476312 -0.0119768 240.211 -0.00768764 0.0393148 0.999197 -1.45362
0.474305 -0.880009 0.0248972 125.446 0.880303 0.474407 -0.0019965 242.102 -0.0100545 0.022864 0.999688 -1.4076
0.471882 -0.881433 0.0200811 126.476 0.88146 0.472139 0.0106236 243.969 -0.018845 0.0126876 0.999742 -1.39731
0.470447 -0.882246 0.0179234 127.441 0.882248 0.470665 0.0106507 245.833 -0.0178325 0.0108023 0.999783 -1.40546
0.47076 -0.882097 0.0170218 128.404 0.882171 0.470901 0.00525577 247.67 -0.0126517 0.0125419 0.999841 -1.42483
0.470133 -0.882527 0.0110022 129.372 0.882571 0.470177 0.00165071 249.53 -0.00662979 0.00893418 0.999938 -1.42877
0.470699 -0.882235 0.0101448 130.339 0.882223 0.470776 0.00728424 251.357 -0.0112024 0.0055213 0.999922 -1.41921
0.471598 -0.881734 0.0118694 131.291 0.881693 0.471713 0.0102096 253.196 -0.0146011 0.00565032 0.999877 -1.42454
0.471913 -0.881513 0.0152585 132.214 0.881354 0.472131 0.017533 254.958 -0.0226596 0.00517405 0.99973 -1.46728
0.472179 -0.881334 0.0172124 133.196 0.881269 0.472414 0.0137871 256.804 -0.0202825 0.00865879 0.999757 -1.50124
0.472758 -0.881178 0.00499957 134.102 0.881121 0.472784 0.0100254 258.56 -0.0111979 -0.000334361 0.999937 -1.47771
0.472608 -0.881271 -0.00179719 135.071 0.881241 0.472573 0.00947834 260.366 -0.00750368 -0.0060633 0.999953 -1.47298
0.471683 -0.881767 -0.00143435 136.024 0.881713 0.471636 0.0118899 262.228 -0.00980762 -0.00687295 0.999928 -1.47598
0.471198 -0.882027 0.000241858 136.992 0.881951 0.471161 0.0130369 264.053 -0.0116129 -0.00592966 0.999915 -1.47337
0.471195 -0.882028 0.00138108 137.971 0.881972 0.471182 0.010622 265.881 -0.0100196 -0.00378694 0.999943 -1.5021
0.471864 -0.881661 -0.00429778 138.947 0.881628 0.471788 0.0121656 267.735 -0.00869825 -0.00952953 0.999917 -1.4704
0.470998 -0.882131 0.00220087 139.949 0.882092 0.470998 0.00864428 269.638 -0.008662 -0.00213007 0.99996 -1.49321
0.470312 -0.882498 0.00194601 140.957 0.882492 0.470316 0.00339517 271.519 -0.00391147 0.000120547 0.999992 -1.49767
0.467671 -0.883887 -0.00518167 141.899 0.883902 0.467657 0.00380626 273.372 -0.00094106 -0.00636016 0.999979 -1.48846
0.467004 -0.884255 9.35835e-05 142.927 0.884221 0.466987 0.00869511 275.333 -0.0077324 -0.0039779 0.999962 -1.47756
0.465625 -0.884982 0.000291795 143.945 0.884912 0.465592 0.0124869 277.279 -0.0111865 -0.00555598 0.999922 -1.48556
0.463541 -0.886048 0.00699273 144.916 0.886017 0.463587 0.00787154 279.176 -0.0102163 0.0025469 0.999945 -1.47929
0.462137 -0.886712 0.0131017 145.903 0.886784 0.462185 0.000711785 281.067 -0.00668653 0.0112894 0.999914 -1.49189
0.460699 -0.887472 0.0122427 146.896 0.887516 0.460766 0.00326336 282.999 -0.00853716 0.00936215 0.99992 -1.47571
0.46046 -0.887548 0.0153504 147.909 0.887555 0.460617 0.00883652 284.898 -0.0149135 0.0095555 0.999843 -1.44392
0.460035 -0.887616 0.0225001 148.862 0.887861 0.460106 -0.00224644 286.728 -0.00835848 0.0210105 0.999744 -1.47023
0.459965 -0.887699 0.0205667 149.824 0.887916 0.459991 -0.00371058 288.604 -0.00616661 0.0199682 0.999782 -1.45283
0.459064 -0.888197 0.0191154 150.737 0.888342 0.459179 0.00183055 290.366 -0.0104033 0.0161407 0.999816 -1.40672
0.459308 -0.887569 0.0354584 151.654 0.888115 0.459621 0.000764281 292.162 -0.0169758 0.0311401 0.999371 -1.41077
0.459684 -0.887367 0.035649 152.555 0.887979 0.459873 -0.00320111 293.919 -0.0135535 0.0331271 0.999359 -1.42639
0.460193 -0.887034 0.0373217 153.422 0.887763 0.460231 -0.00807558 295.671 -0.0100133 0.0368491 0.999271 -1.45535
0.462788 -0.885826 0.0337745 154.271 0.886406 0.462875 -0.00565465 297.335 -0.0106243 0.0325548 0.999413 -1.45519
0.466577 -0.883772 0.0353958 155.091 0.884386 0.466738 -0.00406757 298.958 -0.0129258 0.0332014 0.999365 -1.44356
0.472676 -0.880706 0.0305834 155.936 0.881211 0.472643 -0.00875114 300.633 -0.00674785 0.0310869 0.999494 -1.44337
0.482151 -0.875534 0.0311483 156.722 0.876047 0.482168 -0.0074513 302.142 -0.00849486 0.0308801 0.999487 -1.43137
0.493119 -0.869202 0.0363608 157.468 0.869906 0.493131 -0.00925298 303.548 -0.00988791 0.0361933 0.999296 -1.42154
0.504971 -0.862317 0.0375911 158.242 0.863075 0.504977 -0.0100399 304.986 -0.010325 0.0375138 0.999243 -1.43439
0.518361 -0.854422 0.0355796 158.941 0.855058 0.518498 -0.0059749 306.228 -0.0133429 0.0335198 0.999349 -1.39704
0.533909 -0.844755 0.0364856 159.981 0.845514 0.533745 -0.0149043 307.959 -0.00688351 0.0388067 0.999223 -1.37684
0.549048 -0.835305 0.0285098 160.948 0.835781 0.548886 -0.0139133 309.517 -0.00402677 0.031467 0.999497 -1.37412
0.555518 -0.83081 0.0339728 161.808 0.831485 0.555324 -0.0157929 310.903 -0.005745 0.0370211 0.999298 -1.35738
0.53361 -0.845341 0.0256678 162.818 0.845723 0.533234 -0.0203528 312.434 0.00351811 0.0325684 0.999463 -1.33245
0.465141 -0.88494 0.0229011 163.529 0.885227 0.464858 -0.0167574 314.062 0.00418349 0.0280672 0.999597 -1.32646
0.325858 -0.945167 0.0218328 164.08 0.945415 0.325707 -0.010267 315.649 0.00259294 0.0239867 0.999709 -1.27467
0.0745219 -0.997162 0.0106944 164.286 0.99717 0.0746205 0.00913785 317.732 -0.00990994 0.00998312 0.999901 -1.26534
-0.171561 -0.98504 0.016199 164.159 0.984967 -0.171166 0.0232758 319.522 -0.0201549 0.0199487 0.999598 -1.25421
-0.369377 -0.928729 0.031983 163.747 0.929181 -0.368617 0.0272857 320.922 -0.0135515 0.0397967 0.999116 -1.26991
-0.562251 -0.82627 0.0339459 162.975 0.826957 -0.561968 0.0182724 322.128 0.00397862 0.0383455 0.999257 -1.28226
-0.722928 -0.690316 0.0289624 161.912 0.690923 -0.72234 0.029177 323.226 0.000779311 0.0411037 0.999155 -1.18787
-0.822975 -0.568076 0.0013319 160.623 0.568052 -0.822912 0.011528 324.071 -0.00545272 0.0102438 0.999933 -1.22479
-0.869084 -0.49445 -0.0145945 159.134 0.494376 -0.869206 0.00851764 324.852 -0.0168972 0.000187351 0.999857 -1.2241
-0.884464 -0.466608 0.00111361 157.588 0.466566 -0.884412 -0.011485 325.642 0.00634389 -0.00963852 0.999933 -1.26246
-0.887728 -0.460367 0.000836144 155.819 0.460354 -0.887715 -0.00614158 326.534 0.00356963 -0.00506713 0.999981 -1.26977
-0.889822 -0.456307 -0.000316266 154.515 0.456299 -0.889802 -0.00663806 327.142 0.00274757 -0.00605099 0.999978 -1.21617
-0.889547 -0.456831 -0.00344197 152.533 0.456827 -0.889424 -0.0152656 328.073 0.00391241 -0.0151518 0.999878 -1.19932
-0.888315 -0.45917 -0.00779044 151.168 0.459235 -0.888164 -0.0163659 328.761 0.000595556 -0.0181157 0.999836 -1.19985
-0.887347 -0.46092 -0.0129725 149.741 0.461084 -0.887212 -0.0160516 329.469 -0.00411083 -0.0202248 0.999787 -1.1864
-0.886422 -0.462802 -0.00841323 148.237 0.462878 -0.886286 -0.015499 330.226 -0.000283546 -0.017633 0.999844 -1.17475
-0.885356 -0.464673 -0.0149991 146.749 0.46489 -0.885179 -0.0183333 330.972 -0.0047579 -0.0232044 0.999719 -1.19037
-0.882967 -0.468802 -0.0243735 145.14 0.46919 -0.882993 -0.01357 331.787 -0.01516 -0.0234176 0.999611 -1.16064
-0.881534 -0.471794 -0.0175727 143.573 0.471787 -0.8817 0.00481712 332.613 -0.0177665 -0.0040441 0.999834 -1.14607
-0.88076 -0.473432 -0.011133 141.954 0.473486 -0.880797 -0.00272295 333.444 -0.00851678 -0.00766959 0.999934 -1.18868
-0.880853 -0.473253 -0.011348 140.306 0.473343 -0.880849 -0.00714091 334.326 -0.00661646 -0.0116616 0.99991 -1.16152
-0.881473 -0.471995 -0.0150087 138.68 0.472112 -0.881522 -0.00533898 335.203 -0.0107105 -0.0117919 0.999873 -1.19901
-0.882329 -0.470203 -0.0200955 137.078 0.47047 -0.882342 -0.0114291 336.033 -0.0123571 -0.0195386 0.999733 -1.19349
-0.883075 -0.468874 -0.0183424 135.476 0.469045 -0.883153 -0.00619972 336.855 -0.0132922 -0.0140782 0.999813 -1.20012
-0.884372 -0.466534 -0.0152314 133.824 0.466678 -0.884394 -0.00766688 337.716 -0.0098937 -0.0138885 0.999855 -1.15884
-0.888109 -0.459303 -0.0173862 132.184 0.459518 -0.888096 -0.0113157 338.559 -0.0102433 -0.0180389 0.999785 -1.20219
-0.891454 -0.452506 -0.0234116 130.611 0.452766 -0.891601 -0.0070681 339.373 -0.0176754 -0.0169008 0.999701 -1.19519
-0.894081 -0.447556 -0.017689 128.96 0.447745 -0.89412 -0.00860097 340.185 -0.0119667 -0.0156101 0.999807 -1.19972
-0.895858 -0.444071 -0.0154954 127.351 0.444301 -0.895701 -0.0178099 340.995 -0.00597036 -0.0228398 0.999721 -1.20001
-0.897131 -0.441197 -0.0224097 125.769 0.441667 -0.896847 -0.0244287 341.723 -0.00932018 -0.0318134 0.99945 -1.21317
-0.897024 -0.441676 -0.0164304 124.118 0.441923 -0.89689 -0.0170935 342.544 -0.00718648 -0.0225942 0.999719 -1.20511
-0.894637 -0.446404 -0.0186545 122.593 0.446766 -0.89427 -0.0261292 343.289 -0.00501797 -0.0317104 0.999484 -1.20378
-0.891238 -0.452972 -0.0226068 120.959 0.453489 -0.890753 -0.0301191 344.104 -0.00649394 -0.0370952 0.999291 -1.17972
-0.887095 -0.461017 -0.0229381 119.335 0.46149 -0.886831 -0.0236206 344.891 -0.00945272 -0.0315394 0.999458 -1.19454
-0.882404 -0.470004 -0.0214215 117.811 0.470413 -0.882177 -0.0218291 345.716 -0.00863776 -0.029339 0.999532 -1.20013
-0.878025 -0.478257 -0.0185226 116.252 0.478595 -0.877689 -0.0246807 346.558 -0.00445336 -0.030535 0.999524 -1.20152
-0.87264 -0.488015 -0.0184876 114.757 0.48835 -0.872283 -0.0252486 347.396 -0.00380473 -0.0310613 0.99951 -1.16063
-0.867351 -0.497237 -0.0214052 113.235 0.497656 -0.86703 -0.024456 348.218 -0.00639847 -0.0318644 0.999472 -1.17208
-0.863223 -0.504365 -0.021518 111.686 0.504757 -0.863019 -0.0204838 349.111 -0.00823912 -0.0285434 0.999559 -1.19826
-0.85981 -0.510108 -0.0227305 110.222 0.5105 -0.859707 -0.0171311 349.966 -0.0108028 -0.0263334 0.999595 -1.18382
-0.857823 -0.51363 -0.0180261 108.897 0.513883 -0.857738 -0.0144685 350.757 -0.00803023 -0.0216747 0.999733 -1.19741
-0.856916 -0.515199 -0.0162754 107.612 0.5154 -0.856862 -0.0122647 351.522 -0.00762697 -0.0188982 0.999792 -1.15878
-0.857734 -0.513959 -0.0118236 106.361 0.514048 -0.857739 -0.0062042 352.299 -0.00695286 -0.0113994 0.999911 -1.16005
-0.862763 -0.505355 -0.0160203 104.671 0.505475 -0.862831 -0.0042906 353.336 -0.0116545 -0.0117996 0.999862 -1.13077
-0.872334 -0.488824 -0.00922736 103.104 0.488857 -0.872362 -0.00160363 354.205 -0.0072657 -0.00590976 0.999956 -1.09289
-0.88226 -0.470651 -0.0103218 101.53 0.470667 -0.882311 0.000969283 355.042 -0.00956322 -0.00400297 0.999946 -1.08623
-0.891642 -0.452735 -0.00263457 99.9642 0.45274 -0.891641 -0.00165382 355.835 -0.00160034 -0.00266739 0.999995 -1.06399
-0.899542 -0.436825 0.00281213 98.3607 0.436817 -0.899546 -0.00295149 356.589 0.00381892 -0.00142659 0.999992 -1.07536
-0.905776 -0.423755 0.00144243 96.7629 0.423739 -0.905764 -0.00604544 357.366 0.00386829 -0.00486459 0.999981 -1.05155
-0.91046 -0.413595 0.0015305 95.066 0.413537 -0.910382 -0.0138422 358.125 0.00711842 -0.0119698 0.999903 -1.00218
-0.912241 -0.409655 0.000173747 93.3362 0.409616 -0.912161 -0.0133488 358.903 0.0056269 -0.0121062 0.999911 -1.03196
-0.912308 -0.409207 -0.0156156 91.4359 0.409361 -0.912335 -0.00833764 359.732 -0.0108348 -0.0139989 0.999843 -1.01657
-0.91098 -0.411207 -0.032014 90.1161 0.411574 -0.91136 -0.00554649 360.312 -0.0268955 -0.0182288 0.999472 -0.990019
-0.907485 -0.419919 -0.0117784 88.1204 0.420083 -0.907203 -0.0226362 361.205 -0.00118 -0.0254899 0.999674 -1.02778
-0.903811 -0.426571 -0.0341112 86.6782 0.427179 -0.904077 -0.0127893 361.886 -0.0253836 -0.0261307 0.999336 -1.05378
-0.901858 -0.431053 -0.0290783 85.1521 0.431419 -0.902121 -0.00743925 362.591 -0.0230254 -0.019254 0.999549 -1.07855
-0.899191 -0.437473 -0.00851749 83.6965 0.437554 -0.89896 -0.0204396 363.269 0.00128493 -0.022106 0.999755 -1.08126
-0.895125 -0.444873 -0.0289903 82.0876 0.445656 -0.894653 -0.0314298 364.021 -0.011954 -0.0410533 0.999085 -1.12705
-0.889494 -0.456427 -0.0218191 80.4381 0.456921 -0.888946 -0.031609 364.851 -0.00496881 -0.0380856 0.999262 -1.15257
-0.88256 -0.470199 -0.000543867 78.7745 0.469892 -0.881941 -0.0371748 365.696 0.0169999 -0.0330645 0.999309 -1.11979
-0.876697 -0.480793 -0.0155217 77.1147 0.481038 -0.876067 -0.0333199 366.583 0.00242197 -0.036678 0.999324 -1.16389
-0.869095 -0.494306 -0.0183483 75.3892 0.49456 -0.869038 -0.0135799 367.568 -0.00923275 -0.0208765 0.999739 -1.12467
-0.865954 -0.500011 -0.0106803 73.6783 0.500118 -0.865854 -0.0133951 368.564 -0.00254989 -0.016941 0.999853 -1.10914
-0.864555 -0.502393 -0.0121185 71.9496 0.502519 -0.864483 -0.0119859 369.537 -0.00445466 -0.0164522 0.999855 -1.09225
-0.864618 -0.502051 -0.0195055 70.2092 0.502361 -0.864488 -0.0171096 370.556 -0.00827237 -0.024592 0.999663 -1.09738
-0.866598 -0.498701 -0.0175046 68.4486 0.498897 -0.866611 -0.00934898 371.555 -0.0105073 -0.0168348 0.999803 -1.09993
-0.869189 -0.494469 -0.00338153 66.7297 0.494479 -0.869149 -0.00840944 372.522 0.00121916 -0.00898148 0.999959 -1.08392
-0.872298 -0.488895 -0.00883785 65.0099 0.48897 -0.872229 -0.0112205 373.454 -0.00222297 -0.0141091 0.999898 -1.11952
-0.87472 -0.48452 -0.0102486 63.2583 0.484555 -0.87476 -0.00115277 374.43 -0.00840652 -0.00597436 0.999947 -1.07121
-0.876639 -0.481088 -0.00767349 61.5498 0.481138 -0.876615 -0.00720746 375.348 -0.00325927 -0.0100103 0.999945 -1.04753
-0.878744 -0.477236 -0.00749113 59.8391 0.477294 -0.878626 -0.0143498 376.25 0.000266338 -0.0161852 0.999869 -1.04904
-0.880828 -0.47328 -0.012197 58.1478 0.473402 -0.880784 -0.0104958 377.173 -0.00577549 -0.015019 0.999871 -1.06332
